stime,open,high,low,close,volume,amount
20150105,2.453999996125698,2.557999996125698,2.4349999961256983,2.512999996125698,3836593,1253037440.0
20150106,2.482999996125698,2.538999996125698,2.447999996125698,2.488999996125698,3800379,1246990080.0
20150107,2.476999996125698,2.528999996125698,2.456999996125698,2.494999996125698,3579272,1174334080.0
20150108,2.5039999961256982,2.518999996125698,2.400999996125698,2.411999996125698,2584382,832701952.0
20150109,2.4109999961256983,2.554999996125698,2.3949999961256982,2.412999996125698,7353855,2379082496.0
20150112,2.401999996125698,2.4269999961256983,2.3299999961256983,2.381999996125698,3229662,1022998912.0
20150113,2.369999996125698,2.408999996125698,2.345999996125698,2.3669999961256982,2843519,899839744.0
20150114,2.376999996125698,2.4069999961256983,2.334999996125698,2.367999996125698,3062488,968862016.0
20150115,2.368999996125698,2.477999996125698,2.345999996125698,2.474999996125698,3988336,1272786176.0
20150116,2.486999996125698,2.534999996125698,2.475999996125698,2.506999996125698,4631285,1524784768.0
20150119,2.3099999961256983,2.354999996125698,2.177999996125698,2.177999996125698,2320495,709304640.0
20150120,2.203999996125698,2.284999996125698,2.1849999961256983,2.250999996125698,4714652,1428635264.0
20150121,2.274999996125698,2.427999996125698,2.2619999961256982,2.407999996125698,3591975,1121945856.0
20150122,2.412999996125698,2.441999996125698,2.365999996125698,2.413999996125698,2465060,786674560.0
20150123,2.4349999961256983,2.483999996125698,2.404999996125698,2.428999996125698,3232092,1042251776.0
20150126,2.440999996125698,2.452999996125698,2.397999996125698,2.447999996125698,3596044,1155668480.0
20150127,2.4549999961256983,2.457999996125698,2.349999996125698,2.408999996125698,5721551,1825601280.0
20150128,2.379999996125698,2.421999996125698,2.354999996125698,2.3669999961256982,3666427,1162212992.0
20150129,2.316999996125698,2.342999996125698,2.294999996125698,2.3219999961256983,2296689,714367104.0
20150130,2.336999996125698,2.356999996125698,2.267999996125698,2.275999996125698,2708618,835555328.0
20150202,2.2129999961256983,2.246999996125698,2.186999996125698,2.1969999961256983,1770943,531034528.0
20150203,2.232999996125698,2.2859999961256983,2.199999996125698,2.272999996125698,2230204,674284224.0
20150204,2.2819999961256983,2.318999996125698,2.235999996125698,2.240999996125698,2794371,856682880.0
20150205,2.334999996125698,2.344999996125698,2.203999996125698,2.205999996125698,3667279,1121705984.0
20150206,2.199999996125698,2.219999996125698,2.137999996125698,2.166999996125698,2263671,674385088.0
20150209,2.162999996125698,2.242999996125698,2.1569999961256983,2.205999996125698,3966185,1182022656.0
20150210,2.206999996125698,2.2579999961256982,2.201999996125698,2.255999996125698,2855106,862759616.0
20150211,2.260999996125698,2.284999996125698,2.256999996125698,2.274999996125698,1653457,504790816.0
20150212,2.272999996125698,2.292999996125698,2.2459999961256982,2.283999996125698,1230330,375894688.0
20150213,2.2939999961256983,2.345999996125698,2.287999996125698,2.302999996125698,1799275,557336832.0
20150216,2.303999996125698,2.328999996125698,2.296999996125698,2.320999996125698,2642530,818079488.0
20150217,2.3299999961256983,2.358999996125698,2.3299999961256983,2.340999996125698,2496770,781934016.0
20150225,2.344999996125698,2.347999996125698,2.2819999961256983,2.296999996125698,2723621,844495872.0
20150226,2.296999996125698,2.396999996125698,2.275999996125698,2.393999996125698,2074774,648391680.0
20150227,2.396999996125698,2.4069999961256983,2.369999996125698,2.385999996125698,2079602,660430464.0
20150302,2.407999996125698,2.411999996125698,2.3749999961256982,2.399999996125698,2596106,825532928.0
20150303,2.389999996125698,2.389999996125698,2.308999996125698,2.314999996125698,2719252,850371840.0
20150304,2.320999996125698,2.341999996125698,2.296999996125698,2.326999996125698,2988959,928458432.0
20150305,2.308999996125698,2.310999996125698,2.260999996125698,2.2939999961256983,2778019,854052416.0
20150306,2.2939999961256983,2.316999996125698,2.280999996125698,2.288999996125698,3070602,946556032.0
20150309,2.255999996125698,2.362999996125698,2.228999996125698,2.347999996125698,3141977,963042112.0
20150310,2.342999996125698,2.351999996125698,2.310999996125698,2.3219999961256983,1849022,575855296.0
20150311,2.323999996125698,2.3789999961256982,2.315999996125698,2.330999996125698,2857710,895323136.0
20150312,2.356999996125698,2.421999996125698,2.341999996125698,2.403999996125698,2524924,798289088.0
20150313,2.411999996125698,2.452999996125698,2.396999996125698,2.421999996125698,3943475,1265600512.0
20150316,2.441999996125698,2.497999996125698,2.415999996125698,2.4959999961256982,3481111,1133244928.0
20150317,2.524999996125698,2.549999996125698,2.506999996125698,2.540999996125698,3712716,1229462016.0
20150318,2.545999996125698,2.627999996125698,2.545999996125698,2.622999996125698,3172267,1067482880.0
20150319,2.610999996125698,2.629999996125698,2.589999996125698,2.610999996125698,5608712,1905202560.0
20150320,2.615999996125698,2.695999996125698,2.607999996125698,2.6609999961256983,4234369,1451696768.0
20150323,2.6929999961256983,2.738999996125698,2.6929999961256983,2.734999996125698,2156818,755685056.0
20150324,2.737999996125698,2.748999996125698,2.654999996125698,2.720999996125698,5610364,1963819520.0
20150325,2.714999996125698,2.727999996125698,2.6609999961256983,2.685999996125698,3240507,1128410624.0
20150326,2.673999996125698,2.743999996125698,2.645999996125698,2.703999996125698,2815849,983087296.0
20150327,2.711999996125698,2.744999996125698,2.687999996125698,2.719999996125698,1771977,620626304.0
20150330,2.7539999961256982,2.861999996125698,2.742999996125698,2.844999996125698,2927937,1046908480.0
20150331,2.885999996125698,2.919999996125698,2.755999996125698,2.7979999961256983,2732491,992971008.0
20150401,2.7979999961256983,2.873999996125698,2.795999996125698,2.859999996125698,1679276,607935872.0
20150402,2.8829999961256982,2.889999996125698,2.794999996125698,2.842999996125698,1511099,547843648.0
20150403,2.838999996125698,2.887999996125698,2.824999996125698,2.885999996125698,1823883,663947392.0
20150407,2.912999996125698,2.966999996125698,2.8989999961256983,2.964999996125698,1339349,497255648.0
20150408,2.971999996125698,3.022999996125698,2.9349999961256983,3.012999996125698,2177993,820283776.0
20150409,3.012999996125698,3.062999996125698,2.9589999961256983,2.981999996125698,1946210,736107840.0
20150410,2.980999996125698,3.065999996125698,2.964999996125698,3.058999996125698,4062738,1540705792.0
20150413,3.094999996125698,3.150999996125698,3.084999996125698,3.137999996125698,2499616,972347328.0
20150414,3.137999996125698,3.1769999961256983,3.099999996125698,3.147999996125698,5264453,2058938112.0
20150415,3.1449999961256982,3.207999996125698,3.1169999961256982,3.1289999961256982,3265362,1289440512.0
20150416,3.098999996125698,3.2609999961256984,3.0799999961256983,3.2609999961256984,3403578,1352989952.0
20150417,3.3139999961256983,3.373999996125698,3.302999996125698,3.336999996125698,12249425,5048041472.0
20150420,3.3649999961256984,3.4049999961256985,3.2269999961256977,3.2559999961256985,7579941,3116858624.0
20150421,3.2559999961256985,3.301999996125698,3.219999996125698,3.2959999961256985,3123436,1265406080.0
20150422,3.3279999961256985,3.434999996125698,3.3169999961256984,3.4289999961256985,19174086,8019971584.0
20150423,3.443999996125698,3.453999996125698,3.3749999961256982,3.413999996125698,5400011,2272130304.0
20150424,3.3729999961256985,3.4069999961256983,3.302999996125698,3.3919999961256977,5408570,2241562880.0
20150427,3.437999996125698,3.5009999961256977,3.4149999961256983,3.495999996125698,4084654,1729527168.0
20150428,3.4949999961256983,3.544999996125698,3.4069999961256983,3.442999996125698,2859691,1216529920.0
20150429,3.442999996125698,3.488999996125698,3.397999996125698,3.4639999961256978,6308454,2671440384.0
20150430,3.467999996125698,3.5009999961256977,3.4389999961256983,3.4399999961256977,3113407,1327551104.0
20150504,3.443999996125698,3.4799999961256978,3.3889999961256985,3.4739999961256984,2597107,1097076608.0
20150505,3.4719999961256978,3.4789999961256983,3.286999996125698,3.310999996125698,4377823,1830131840.0
20150506,3.310999996125698,3.402999996125698,3.232999996125698,3.2689999961256984,6152119,2538014976.0
20150507,3.264999996125698,3.264999996125698,3.186999996125698,3.1969999961256983,3287890,1318796032.0
20150508,3.2349999961256977,3.2559999961256985,3.1529999961256983,3.253999996125698,8996717,3598931712.0
20150511,3.2769999961256984,3.3669999961256982,3.225999996125698,3.357999996125698,2729572,1113344768.0
20150512,3.358999996125698,3.4129999961256985,3.333999996125698,3.411999996125698,1919525,797491328.0
20150513,3.4079999961256977,3.411999996125698,3.334999996125698,3.3699999961256983,913694,380516416.0
20150514,3.3699999961256983,3.370999996125698,3.3219999961256983,3.3469999961256978,1647143,680588160.0
20150515,3.3409999961256984,3.3409999961256984,3.256999996125698,3.2769999961256984,3498966,1428912768.0
20150518,3.246999996125698,3.275999996125698,3.217999996125698,3.224999996125698,1715730,692867328.0
20150519,3.2159999961256984,3.378999996125698,3.214999996125698,3.363999996125698,3838109,1579492352.0
20150520,3.384999996125698,3.461999996125698,3.355999996125698,3.379999996125698,4270287,1783330816.0
20150521,3.389999996125698,3.4389999961256983,3.368999996125698,3.434999996125698,3682841,1542333824.0
20150522,3.469999996125698,3.559999996125698,3.4549999961256983,3.552999996125698,5730381,2463927296.0
20150525,3.559999996125698,3.690999996125698,3.559999996125698,3.6889999961256983,3308244,1461128192.0
20150526,3.7209999961256983,3.7559999961256985,3.645999996125698,3.743999996125698,2784339,1254136960.0
20150527,3.7689999961256984,3.7749999961256977,3.679999996125698,3.7299999961256978,2881320,1300062464.0
20150528,3.714999996125698,3.7449999961256983,3.384999996125698,3.427999996125698,4080298,1795995904.0
20150529,3.448999996125698,3.4949999961256983,3.2659999961256982,3.413999996125698,3596997,1509920384.0
20150601,3.419999996125698,3.634999996125698,3.3839999961256977,3.6229999961256985,3590679,1555920000.0
20150602,3.6229999961256985,3.692999996125698,3.5799999961256983,3.6789999961256985,3697781,1632647552.0
20150603,3.682999996125698,3.6999999961256984,3.5649999961256977,3.661999996125698,6514970,2883449600.0
20150604,3.666999996125698,3.725999996125698,3.4019999961256984,3.7159999961256984,8388500,3681662208.0
20150605,3.7749999961256977,3.8149999961256977,3.6629999961256985,3.7559999961256985,8429020,3811756288.0
20150608,3.7749999961256977,3.942999996125698,3.7449999961256983,3.913999996125698,2691709,1242890368.0
20150609,3.929999996125698,3.934999996125698,3.804999996125698,3.8569999961256984,2817159,1314425600.0
20150610,3.817999996125698,3.8969999961256985,3.7159999961256984,3.8329999961256984,3545968,1641512576.0
20150611,3.834999996125698,3.855999996125698,3.7819999961256983,3.817999996125698,3608622,1659929344.0
20150612,3.844999996125698,3.8679999961256977,3.7929999961256984,3.8489999961256984,4641798,2145906688.0
20150615,3.8679999961256977,3.8809999961256985,3.7399999961256984,3.7499999961256982,4617603,2126835968.0
20150616,3.746999996125698,3.746999996125698,3.5719999961256983,3.6169999961256982,7418570,3303111680.0
20150617,3.6199999961256983,3.690999996125698,3.5349999961256984,3.6739999961256977,6373702,2800192256.0
20150618,3.652999996125698,3.652999996125698,3.4919999961256982,3.4999999961256982,4414228,1935174016.0
20150619,3.464999996125698,3.4769999961256977,3.2159999961256984,3.2219999961256978,9779751,4078866432.0
20150623,3.224999996125698,3.3549999961256978,3.070999996125698,3.334999996125698,2993528,1207959808.0
20150624,3.3729999961256985,3.4399999961256977,3.294999996125698,3.4339999961256984,1805459,751909696.0
20150625,3.4709999961256983,3.4769999961256977,3.2559999961256985,3.2829999961256977,2089100,880132992.0
20150626,3.174999996125698,3.2639999961256985,2.875999996125698,2.984999996125698,2676584,1056214144.0
20150629,3.093999996125698,3.097999996125698,2.615999996125698,2.8669999961256982,13974774,5164754944.0
20150630,2.856999996125698,3.154999996125698,2.719999996125698,3.1369999961256982,6274132,2325132544.0
20150701,3.064999996125698,3.135999996125698,2.864999996125698,3.014999996125698,11764027,4462599680.0
20150702,2.964999996125698,3.064999996125698,2.6449999961256982,2.806999996125698,10843770,3942904832.0
20150703,2.784999996125698,2.836999996125698,2.455999996125698,2.599999996125698,5971988,2064156032.0
20150706,2.9389999961256983,2.9389999961256983,2.599999996125698,2.744999996125698,11316210,4001184256.0
20150707,2.6649999961256983,2.7539999961256982,2.534999996125698,2.7459999961256982,6855155,2390743808.0
20150708,2.471999996125698,2.594999996125698,2.392999996125698,2.493999996125698,23419763,7658515456.0
20150709,2.404999996125698,2.811999996125698,2.347999996125698,2.807999996125698,5647245,1914984448.0
20150710,2.774999996125698,3.094999996125698,2.682999996125698,2.901999996125698,9647334,3580058368.0
20150713,2.871999996125698,3.034999996125698,2.8179999961256983,2.959999996125698,7606493,2815846912.0
20150714,2.863999996125698,2.964999996125698,2.742999996125698,2.8019999961256983,5266041,1938563328.0
20150715,2.791999996125698,2.852999996125698,2.599999996125698,2.6649999961256983,7104054,2536172544.0
20150716,2.674999996125698,2.822999996125698,2.6449999961256982,2.7659999961256982,9612717,3401958656.0
20150717,2.7859999961256983,2.919999996125698,2.759999996125698,2.877999996125698,10623657,3843495680.0
20150720,2.880999996125698,2.936999996125698,2.836999996125698,2.872999996125698,10188840,3750953472.0
20150721,2.8299999961256983,2.924999996125698,2.8299999961256983,2.892999996125698,10150767,3716844032.0
20150722,2.888999996125698,2.901999996125698,2.8259999961256983,2.8749999961256982,11764114,4305416192.0
20150723,2.880999996125698,2.976999996125698,2.868999996125698,2.959999996125698,7674259,2850414592.0
20150724,2.964999996125698,3.004999996125698,2.8829999961256982,2.9029999961256983,11679702,4382375936.0
20150727,2.844999996125698,2.8869999961256982,2.534999996125698,2.552999996125698,15458639,5572430336.0
20150728,2.464999996125698,2.633999996125698,2.420999996125698,2.550999996125698,15669642,5164127232.0
20150729,2.594999996125698,2.6809999961256983,2.534999996125698,2.675999996125698,16974278,5706228736.0
20150730,2.654999996125698,2.7049999961256983,2.5559999961256983,2.573999996125698,15030845,5179554304.0
20150731,2.545999996125698,2.603999996125698,2.522999996125698,2.560999996125698,2332170,779436608.0
20150803,2.514999996125698,2.573999996125698,2.484999996125698,2.566999996125698,743823,246145760.0
20150804,2.564999996125698,2.679999996125698,2.554999996125698,2.675999996125698,974033,330563840.0
20150805,2.674999996125698,2.678999996125698,2.598999996125698,2.606999996125698,1092196,373951392.0
20150806,2.5599999961256983,2.622999996125698,2.544999996125698,2.572999996125698,975406,328643712.0
20150807,2.591999996125698,2.657999996125698,2.591999996125698,2.631999996125698,1841159,629610752.0
20150810,2.667999996125698,2.828999996125698,2.654999996125698,2.802999996125698,2316103,814500160.0
20150811,2.7979999961256983,2.814999996125698,2.756999996125698,2.771999996125698,1803826,645690688.0
20150812,2.746999996125698,2.787999996125698,2.735999996125698,2.736999996125698,3185278,1130000896.0
20150813,2.720999996125698,2.779999996125698,2.689999996125698,2.776999996125698,2827149,997847040.0
20150814,2.795999996125698,2.814999996125698,2.764999996125698,2.7819999961256983,1906131,681650496.0
20150817,2.762999996125698,2.786999996125698,2.722999996125698,2.776999996125698,1879526,664882304.0
20150818,2.7699999961256982,2.7939999961256983,2.5199999961256982,2.556999996125698,2701897,942378240.0
20150819,2.514999996125698,2.622999996125698,2.4149999961256983,2.608999996125698,6114886,2011438720.0
20150820,2.574999996125698,2.597999996125698,2.4999999961256982,2.505999996125698,2135304,711964736.0
20150821,2.466999996125698,2.494999996125698,2.347999996125698,2.354999996125698,6619693,2125953536.0
20150824,2.2499999961256982,2.264999996125698,2.040999996125698,2.040999996125698,3923706,1157610496.0
20150825,1.900999996125698,2.018999996125698,1.7899999961256983,1.7949999961256982,2982792,808992064.0
20150826,1.8149999961256982,1.998999996125698,1.792999996125698,1.859999996125698,5011028,1347797248.0
20150827,1.984999996125698,2.042999996125698,1.8749999961256982,2.038999996125698,7629554,2074360192.0
20150828,2.066999996125698,2.1689999961256983,2.054999996125698,2.163999996125698,3996534,1149708160.0
20150831,2.143999996125698,2.179999996125698,2.034999996125698,2.173999996125698,2658284,762730304.0
20150901,2.114999996125698,2.189999996125698,2.021999996125698,2.173999996125698,2437810,705297664.0
20150902,2.064999996125698,2.195999996125698,2.057999996125698,2.1769999961256983,2321186,678177728.0
20150907,2.1649999961256983,2.2499999961256982,2.066999996125698,2.0839999961256983,1202245,353007456.0
20150908,2.072999996125698,2.1609999961256983,2.004999996125698,2.147999996125698,1383856,397008256.0
20150909,2.1649999961256983,2.230999996125698,2.147999996125698,2.210999996125698,809077,241092512.0
20150910,2.1809999961256983,2.209999996125698,2.1569999961256983,2.178999996125698,932252,276752960.0
20150911,2.174999996125698,2.201999996125698,2.1449999961256982,2.173999996125698,265401,78723456.0
20150914,2.1849999961256983,2.189999996125698,2.014999996125698,2.127999996125698,285469,82522960.0
20150915,2.103999996125698,2.112999996125698,2.032999996125698,2.045999996125698,232254,66535840.0
20150916,2.045999996125698,2.264999996125698,2.024999996125698,2.183999996125698,517320,151049600.0
20150917,2.1449999961256982,2.2129999961256983,2.113999996125698,2.117999996125698,380596,112576576.0
20150918,2.129999996125698,2.147999996125698,2.098999996125698,2.122999996125698,157542,45857200.0
20150921,2.117999996125698,2.162999996125698,2.080999996125698,2.159999996125698,212969,62207440.0
20150922,2.153999996125698,2.210999996125698,2.153999996125698,2.1849999961256983,413517,122998064.0
20150923,2.162999996125698,2.166999996125698,2.115999996125698,2.1209999961256982,102539,29961006.0
20150924,2.133999996125698,2.150999996125698,2.117999996125698,2.131999996125698,123758,36109180.0
20150925,2.1329999961256982,2.1329999961256982,2.072999996125698,2.086999996125698,128823,37165344.0
20150928,2.086999996125698,2.097999996125698,2.072999996125698,2.095999996125698,39241,11260721.0
20150929,2.065999996125698,2.072999996125698,2.0319999961256983,2.0399999961256983,64534,18302652.0
20150930,2.042999996125698,2.066999996125698,2.042999996125698,2.0639999961256983,42327,12025754.0
20151008,2.161999996125698,2.1649999961256983,2.145999996125698,2.146999996125698,106853,31403464.0
20151009,2.139999996125698,2.182999996125698,2.139999996125698,2.1729999961256983,123088,36297868.0
20151012,2.178999996125698,2.303999996125698,2.173999996125698,2.278999996125698,154617,46964096.0
20151013,2.266999996125698,2.283999996125698,2.259999996125698,2.274999996125698,221231,67614616.0
20151014,2.2699999961256982,2.2939999961256983,2.244999996125698,2.251999996125698,184029,56381920.0
20151015,2.244999996125698,2.312999996125698,2.239999996125698,2.312999996125698,126917,38910944.0
20151016,2.326999996125698,2.359999996125698,2.306999996125698,2.355999996125698,222347,69449792.0
20151019,2.348999996125698,2.384999996125698,2.3299999961256983,2.350999996125698,119195,37429528.0
20151020,2.350999996125698,2.380999996125698,2.322999996125698,2.379999996125698,107954,33798372.0
20151021,2.380999996125698,2.404999996125698,2.223999996125698,2.284999996125698,288963,90739512.0
20151022,2.2779999961256983,2.357999996125698,2.2779999961256983,2.343999996125698,156780,48456016.0
20151023,2.341999996125698,2.384999996125698,2.334999996125698,2.376999996125698,184624,58144684.0
20151026,2.4069999961256983,2.424999996125698,2.373999996125698,2.3949999961256982,188244,60063316.0
20151027,2.384999996125698,2.404999996125698,2.319999996125698,2.393999996125698,90386,28456066.0
20151028,2.3709999961256982,2.392999996125698,2.332999996125698,2.334999996125698,140030,44122564.0
20151029,2.335999996125698,2.364999996125698,2.314999996125698,2.339999996125698,54854,17132480.0
20151030,2.347999996125698,2.373999996125698,2.319999996125698,2.3379999961256983,69883,21901948.0
20151102,2.314999996125698,2.3379999961256983,2.276999996125698,2.290999996125698,108953,33833348.0
20151103,2.290999996125698,2.310999996125698,2.274999996125698,2.278999996125698,45781,14080692.0
20151104,2.286999996125698,2.448999996125698,2.2859999961256983,2.440999996125698,155923,49400916.0
20151105,2.417999996125698,2.574999996125698,2.417999996125698,2.514999996125698,352255,116452944.0
20151106,2.514999996125698,2.580999996125698,2.494999996125698,2.5799999961256983,375225,124278080.0
20151109,2.5799999961256983,2.9149999961256983,2.564999996125698,2.612999996125698,457661,156527168.0
20151110,2.586999996125698,2.6369999961256982,2.564999996125698,2.597999996125698,273595,92470016.0
20151111,2.594999996125698,2.594999996125698,2.545999996125698,2.586999996125698,254583,85378568.0
20151112,2.586999996125698,2.5879999961256983,2.536999996125698,2.546999996125698,246349,82445152.0
20151113,2.5399999961256983,2.564999996125698,2.4999999961256982,2.508999996125698,164526,54493916.0
20151116,2.489999996125698,2.524999996125698,2.463999996125698,2.522999996125698,150222,49225172.0
20151117,2.528999996125698,2.603999996125698,2.522999996125698,2.533999996125698,242948,81373120.0
20151118,2.5459999951720236,2.5459999951720236,2.4929999951720236,2.514999995172024,96094,31229518.0
20151119,2.5119999951720238,2.550999995172024,2.493999995172024,2.5499999951720236,91963,29895372.0
20151120,2.5499999951720236,2.563999995172024,2.5169999951720237,2.5379999951720236,106249,34809144.0
20151123,2.5329999951720237,2.5609999951720237,2.5119999951720238,2.5159999951720238,112826,36972300.0
20151124,2.513999995172024,2.5199999951720238,2.470999995172024,2.518999995172024,163268,52769672.0
20151125,2.505999995172024,2.535999995172024,2.489999995172024,2.5339999951720236,115471,37519856.0
20151126,2.5459999951720236,2.5609999951720237,2.5119999951720238,2.5259999951720236,190008,62102656.0
20151127,2.510999995172024,2.510999995172024,2.333999995172024,2.3509999951720237,151246,47674488.0
20151130,2.353999995172024,2.3839999951720237,2.276999995172024,2.356999995172024,128578,39445828.0
20151201,2.3519999951720236,2.405999995172024,2.325999995172024,2.3839999951720237,114032,35373260.0
20151202,2.373999995172024,2.5009999951720236,2.361999995172024,2.4999999951720238,172788,54951248.0
20151203,2.4959999951720238,2.5259999951720236,2.4559999951720237,2.514999995172024,258987,83938472.0
20151204,2.5119999951720238,2.5119999951720238,2.4359999951720237,2.4399999951720237,119610,38203320.0
20151207,2.4449999951720236,2.4559999951720237,2.426999995172024,2.4399999951720237,89162,28317596.0
20151208,2.4169999951720236,2.433999995172024,2.3959999951720237,2.4079999951720237,40918,12870684.0
20151209,2.3969999951720236,2.434999995172024,2.3909999951720238,2.3969999951720236,39984,12542448.0
20151210,2.4009999951720236,2.434999995172024,2.380999995172024,2.388999995172024,129649,40798084.0
20151211,2.3759999951720236,2.384999995172024,2.3519999951720236,2.3669999951720238,45223,14013756.0
20151214,2.348999995172024,2.465999995172024,2.345999995172024,2.4639999951720237,83771,26312964.0
20151215,2.457999995172024,2.4609999951720236,2.418999995172024,2.4279999951720237,48452,15388249.0
20151216,2.429999995172024,2.4519999951720237,2.4209999951720236,2.425999995172024,36850,11687215.0
20151217,2.441999995172024,2.510999995172024,2.441999995172024,2.481999995172024,115257,37060680.0
20151218,2.477999995172024,2.535999995172024,2.457999995172024,2.4839999951720237,68471,22104800.0
20151221,2.473999995172024,2.591999995172024,2.473999995172024,2.5769999951720237,183829,60287844.0
20151222,2.5809999951720237,2.5939999951720236,2.5569999951720237,2.583999995172024,57186,18898874.0
20151223,2.575999995172024,2.643999995172024,2.5739999951720236,2.5889999951720237,98066,32726792.0
20151224,2.587999995172024,2.587999995172024,2.5079999951720238,2.555999995172024,78312,25655606.0
20151225,2.5539999951720236,2.5649999951720237,2.534999995172024,2.559999995172024,59532,19558786.0
20151228,2.5569999951720237,2.574999995172024,2.462999995172024,2.465999995172024,117160,38007436.0
20151229,2.4569999951720236,2.4879999951720237,2.450999995172024,2.4849999951720236,71875,23021254.0
20151230,2.485999995172024,2.493999995172024,2.453999995172024,2.481999995172024,68198,21874884.0
20151231,2.481999995172024,2.4999999951720238,2.4569999951720236,2.465999995172024,60726,19529666.0
20160104,2.4639999951720237,2.4639999951720237,2.2259999951720237,2.2269999951720236,224949,69066584.0
20160105,2.2259999951720237,2.333999995172024,2.171999995172024,2.2709999951720237,231564,69254448.0
20160106,2.268999995172024,2.317999995172024,2.259999995172024,2.313999995172024,249279,75019392.0
20160107,2.2799999951720236,2.2799999951720236,2.215999995172024,2.2659999951720238,85959,25754500.0
20160108,2.255999995172024,2.255999995172024,2.075999995172024,2.179999995172024,289578,84163856.0
20160111,2.135999995172024,2.1549999951720236,2.026999995172024,2.0379999951720236,301499,84792008.0
20160112,2.062999995172024,2.070999995172024,2.013999995172024,2.038999995172024,206720,57316140.0
20160113,2.055999995172024,2.074999995172024,1.985999995172024,1.9889999951720236,179601,49768432.0
20160114,1.9839999951720237,2.046999995172024,1.925999995172024,2.026999995172024,303724,81943656.0
20160115,2.005999995172024,2.0379999951720236,1.9309999951720238,1.9479999951720237,220077,59554336.0
20160118,1.9229999951720238,1.9849999951720236,1.9159999951720237,1.9509999951720238,145245,38967656.0
20160119,1.9519999951720237,2.035999995172024,1.941999995172024,2.027999995172024,158212,43251032.0
20160120,2.0209999951720237,2.031999995172024,1.9749999951720238,1.9879999951720237,100675,27541158.0
20160121,1.9669999951720238,2.0159999951720238,1.9159999951720237,1.917999995172024,135487,36522976.0
20160122,1.9439999951720237,1.9509999951720238,1.8919999951720237,1.937999995172024,127070,33726552.0
20160125,1.9439999951720237,1.9609999951720236,1.9319999951720237,1.9439999951720237,34539,9249850.0
20160126,1.9319999951720237,1.9319999951720237,1.780999995172024,1.7859999951720238,113679,29464592.0
20160127,1.7879999951720236,1.8059999951720238,1.7089999951720238,1.7779999951720238,272778,67829960.0
20160128,1.7659999951720238,1.7839999951720236,1.7029999951720236,1.7209999951720238,85068,21034680.0
20160129,1.7189999951720236,1.8099999951720238,1.711999995172024,1.7949999951720237,190966,47570364.0
20160201,1.7859999951720238,1.788999995172024,1.7179999951720237,1.7449999951720239,74118,18410494.0
20160202,1.7449999951720239,1.8059999951720238,1.743999995172024,1.7949999951720237,64562,16267663.0
20160203,1.780999995172024,1.7819999951720238,1.751999995172024,1.7779999951720238,66692,16672094.0
20160204,1.7859999951720238,1.8259999951720238,1.7859999951720238,1.8159999951720236,62097,15810890.0
20160205,1.8199999951720236,1.8199999951720236,1.7979999951720238,1.7989999951720237,27907,7093019.0
20160215,1.743999995172024,1.7959999951720236,1.735999995172024,1.7869999951720237,65815,16446674.0
20160216,1.7879999951720236,1.8599999951720236,1.7879999951720236,1.8589999951720237,124418,32025974.0
20160217,1.856999995172024,1.8799999951720237,1.848999995172024,1.8789999951720238,93708,24350576.0
20160218,1.8819999951720239,1.909999995172024,1.8639999951720236,1.8639999951720236,78233,20528462.0
20160219,1.8639999951720236,1.8799999951720237,1.8459999951720238,1.8629999951720237,145382,37691240.0
20160222,1.9159999951720237,1.9349999951720238,1.868999995172024,1.9249999951720236,202204,53588612.0
20160223,1.9199999951720237,1.9239999951720237,1.8799999951720237,1.8999999951720237,109185,28698836.0
20160224,1.8929999951720236,1.921999995172024,1.8739999951720239,1.9169999951720236,62197,16396573.0
20160225,1.9209999951720236,1.9209999951720236,1.747999995172024,1.7589999951720237,137907,35389920.0
20160226,1.7659999951720238,1.800999995172024,1.751999995172024,1.7879999951720236,102114,25648814.0
20160229,1.7679999951720236,1.7859999951720238,1.691999995172024,1.735999995172024,174328,42774156.0
20160301,1.739999995172024,1.8099999951720238,1.7169999951720238,1.7959999951720236,125856,31379200.0
20160302,1.7909999951720237,1.8969999951720236,1.7859999951720238,1.8949999951720238,416769,107328528.0
20160303,1.8959999951720237,1.9229999951720238,1.884999995172024,1.8989999951720238,504388,132969872.0
20160304,1.8959999951720237,1.9679999951720237,1.884999995172024,1.9549999951720238,709547,189173424.0
20160307,1.9369999951720236,1.985999995172024,1.9369999951720236,1.9529999951720236,100830,27161546.0
20160308,1.9489999951720236,1.9609999951720236,1.8619999951720239,1.9589999951720238,180698,47756632.0
20160309,1.9309999951720238,1.9319999951720237,1.8659999951720239,1.917999995172024,74102,19518200.0
20160310,1.905999995172024,1.9349999951720238,1.8779999951720239,1.8789999951720238,73149,19329984.0
20160311,1.8659999951720239,1.8859999951720239,1.8509999951720237,1.8739999951720239,127671,33246396.0
20160314,1.884999995172024,1.9559999951720237,1.8779999951720239,1.9129999951720236,152038,40435972.0
20160315,1.905999995172024,1.9349999951720238,1.8829999951720238,1.9239999951720237,56169,14826088.0
20160316,1.9229999951720238,1.9709999951720238,1.9159999951720237,1.953999995172024,133133,35771216.0
20160317,1.9509999951720238,2.0039999951720238,1.945999995172024,1.9769999951720236,97970,26537226.0
20160318,1.9809999951720236,2.0329999951720237,1.9809999951720236,2.006999995172024,114136,31311156.0
20160321,2.0289999951720237,2.099999995172024,1.9869999951720239,2.066999995172024,161483,45211616.0
20160322,2.0569999951720237,2.0769999951720237,2.042999995172024,2.050999995172024,128355,35832400.0
20160323,2.0369999951720237,2.067999995172024,2.0259999951720236,2.0529999951720237,132928,36958508.0
20160324,2.0369999951720237,2.0409999951720237,2.005999995172024,2.0119999951720238,77744,21430120.0
20160325,1.9989999951720239,2.0249999951720237,1.9989999951720239,2.0219999951720236,235435,64708080.0
20160328,2.0259999951720236,2.046999995172024,1.985999995172024,1.9909999951720239,170017,46814852.0
20160329,1.9919999951720238,2.0049999951720237,1.9549999951720238,1.9639999951720237,142911,38761704.0
20160330,1.9719999951720237,2.034999995172024,1.9719999951720237,2.0329999951720237,97478,26815362.0
20160331,2.038999995172024,2.055999995172024,2.0259999951720236,2.0369999951720237,111236,30839454.0
20160401,2.039999995172024,2.0459999951720236,1.9949999951720239,2.0449999951720237,119864,33073632.0
20160405,2.046999995172024,2.083999995172024,2.013999995172024,2.075999995172024,95744,26784718.0
20160406,2.0659999951720236,2.079999995172024,2.046999995172024,2.059999995172024,60213,16850112.0
20160407,2.0619999951720236,2.0779999951720236,2.018999995172024,2.0219999951720236,101667,28220624.0
20160408,2.006999995172024,2.0169999951720237,1.9919999951720238,2.006999995172024,81457,22298874.0
20160411,2.0199999951720238,2.0649999951720237,2.0169999951720237,2.0409999951720237,76767,21351620.0
20160412,2.0339999951720236,2.043999995172024,2.0169999951720237,2.0299999951720236,58866,16262129.0
20160413,2.042999995172024,2.102999995172024,2.042999995172024,2.070999995172024,327816,92495328.0
20160414,2.0859999951720236,2.0929999951720237,2.059999995172024,2.0779999951720236,51824,14571679.0
20160415,2.075999995172024,2.087999995172024,2.0699999951720236,2.079999995172024,47952,13488932.0
20160418,2.0659999951720236,2.0659999951720236,2.0409999951720237,2.0419999951720236,65109,18112494.0
20160419,2.047999995172024,2.0609999951720237,2.035999995172024,2.0489999951720237,39729,11042657.0
20160420,2.0579999951720236,2.058999995172024,1.9369999951720236,2.014999995172024,157928,42949980.0
20160421,1.9879999951720237,2.027999995172024,1.981999995172024,2.0039999951720238,72475,19868132.0
20160422,1.9959999951720238,2.0119999951720238,1.9709999951720238,2.0089999951720237,61614,16858600.0
20160425,2.0079999951720238,2.0079999951720238,1.965999995172024,1.9919999951720238,70226,19097372.0
20160426,1.9949999951720239,2.0089999951720237,1.9849999951720236,2.0079999951720238,58341,15942078.0
20160427,2.005999995172024,2.0119999951720238,1.9909999951720239,1.9959999951720238,59195,16197793.0
20160428,2.001999995172024,2.005999995172024,1.9719999951720237,1.9879999951720237,46141,12547698.0
20160429,1.985999995172024,1.997999995172024,1.9759999951720237,1.985999995172024,48506,13209558.0
20160503,1.985999995172024,2.034999995172024,1.9769999951720236,2.0299999951720236,70072,19266920.0
20160504,2.018999995172024,2.034999995172024,2.0129999951720237,2.026999995172024,75074,20682532.0
20160505,2.0209999951720237,2.0299999951720236,2.005999995172024,2.0289999951720237,50060,13795201.0
20160506,2.0259999951720236,2.030999995172024,1.9609999951720236,1.961999995172024,77859,21229892.0
20160509,1.961999995172024,1.961999995172024,1.8959999951720237,1.905999995172024,101227,26875824.0
20160510,1.9009999951720236,1.9189999951720238,1.8959999951720237,1.9089999951720236,57242,15116648.0
20160511,1.9089999951720236,1.9359999951720237,1.9039999951720237,1.9199999951720237,86555,22957256.0
20160512,1.9159999951720237,1.9309999951720238,1.8829999951720238,1.925999995172024,78111,20635054.0
20160513,1.9209999951720236,1.9359999951720237,1.9039999951720237,1.9169999951720236,58776,15597846.0
20160516,1.905999995172024,1.9319999951720237,1.8899999951720239,1.929999995172024,31635,8374593.0
20160517,1.929999995172024,1.929999995172024,1.9079999951720237,1.9229999951720238,18456,4897161.0
20160518,1.9079999951720237,1.9159999951720237,1.8839999951720237,1.905999995172024,32868,8656005.0
20160519,1.905999995172024,1.9209999951720236,1.8959999951720237,1.9039999951720237,27685,7321238.0
20160520,1.901999995172024,1.9159999951720237,1.8859999951720239,1.9149999951720238,22483,5930772.0
20160523,1.9159999951720237,1.9319999951720237,1.9129999951720236,1.9239999951720237,27049,7186603.0
20160524,1.9239999951720237,1.9239999951720237,1.8949999951720238,1.901999995172024,27522,7262664.0
20160525,1.9089999951720236,1.9229999951720238,1.901999995172024,1.9029999951720238,26990,7149541.0
20160526,1.905999995172024,1.9129999951720236,1.8779999951720239,1.9009999951720236,40466,10622799.0
20160527,1.9009999951720236,1.9069999951720238,1.8919999951720237,1.901999995172024,16867,4442711.0
20160530,1.8959999951720237,1.913999995172024,1.8819999951720239,1.9069999951720238,14592,3848065.0
20160531,1.905999995172024,2.002999995172024,1.905999995172024,2.0009999951720236,79732,21600994.0
20160601,2.0049999951720237,2.0049999951720237,1.9839999951720237,1.9849999951720236,52239,14246889.0
20160602,1.9849999951720236,1.9919999951720238,1.9729999951720236,1.9849999951720236,59869,16254735.0
20160603,1.9839999951720237,2.0159999951720238,1.9809999951720236,2.005999995172024,37698,10296967.0
20160606,2.006999995172024,2.010999995172024,1.9909999951720239,1.9949999951720239,38161,10427567.0
20160607,1.9919999951720238,1.997999995172024,1.9869999951720239,1.9949999951720239,20494,5590428.0
20160608,1.989999995172024,1.9989999951720239,1.9729999951720236,1.993999995172024,46352,12610067.0
20160613,1.9839999951720237,1.9839999951720237,1.9159999951720237,1.9159999951720237,65712,17671768.0
20160614,1.9159999951720237,1.9309999951720238,1.9089999951720236,1.9199999951720237,27849,7382542.0
20160615,1.9039999951720237,1.9609999951720236,1.8959999951720237,1.9549999951720238,39252,10489980.0
20160616,1.9479999951720237,1.957999995172024,1.9389999951720238,1.9389999951720238,26932,7212978.0
20160617,1.937999995172024,1.9709999951720238,1.937999995172024,1.9509999951720238,69116,18591096.0
20160620,1.9399999951720237,1.9609999951720236,1.9359999951720237,1.9479999951720237,30095,8059180.0
20160621,1.957999995172024,1.985999995172024,1.9409999951720236,1.9439999951720237,39998,10771383.0
20160622,1.9439999951720237,1.9639999951720237,1.9309999951720238,1.961999995172024,47601,12758072.0
20160623,1.9559999951720237,1.9629999951720238,1.9439999951720237,1.9529999951720236,30455,8183683.0
20160624,1.9629999951720238,1.965999995172024,1.8859999951720239,1.913999995172024,76421,20346828.0
20160627,1.913999995172024,1.949999995172024,1.9109999951720238,1.9479999951720237,50251,13428361.0
20160628,1.9479999951720237,1.9649999951720236,1.9359999951720237,1.9639999951720237,78373,21013452.0
20160629,1.9649999951720236,1.993999995172024,1.9649999951720236,1.9839999951720237,39580,10740585.0
20160630,1.9849999951720236,1.9929999951720236,1.981999995172024,1.9839999951720237,22688,6173178.0
20160701,1.9789999951720239,2.0009999951720236,1.9789999951720239,1.9909999951720239,49568,13523186.0
20160704,1.9909999951720239,2.0539999951720236,1.9789999951720239,2.042999995172024,61809,17090742.0
20160705,2.038999995172024,2.062999995172024,2.038999995172024,2.054999995172024,94621,26388856.0
20160706,2.054999995172024,2.062999995172024,2.031999995172024,2.059999995172024,104308,29028566.0
20160707,2.058999995172024,2.082999995172024,2.050999995172024,2.067999995172024,137588,38538596.0
20160708,2.0609999951720237,2.0689999951720237,2.050999995172024,2.051999995172024,26508,7397215.0
20160711,2.0609999951720237,2.0929999951720237,2.0539999951720236,2.0619999951720236,239380,67430480.0
20160712,2.055999995172024,2.127999995172024,2.055999995172024,2.127999995172024,109830,31090056.0
20160713,2.1259999951720236,2.1619999951720237,2.1259999951720236,2.139999995172024,264456,76273504.0
20160714,2.1339999951720237,2.139999995172024,2.115999995172024,2.1339999951720237,50441,14450465.0
20160715,2.1339999951720237,2.143999995172024,2.130999995172024,2.1369999951720238,58215,16722793.0
20160718,2.130999995172024,2.143999995172024,2.119999995172024,2.1339999951720237,67329,19309540.0
20160719,2.123999995172024,2.1339999951720237,2.1019999951720236,2.119999995172024,51958,14781482.0
20160720,2.119999995172024,2.1209999951720238,2.103999995172024,2.1059999951720236,34716,9875100.0
20160721,2.1059999951720236,2.1329999951720238,2.1019999951720236,2.118999995172024,52815,15092373.0
20160722,2.118999995172024,2.118999995172024,2.091999995172024,2.095999995172024,41776,11851035.0
20160725,2.095999995172024,2.1059999951720236,2.086999995172024,2.0939999951720236,49986,14155295.0
20160726,2.0939999951720236,2.130999995172024,2.0939999951720236,2.1299999951720237,52575,14980116.0
20160727,2.1289999951720238,2.143999995172024,2.0329999951720237,2.1019999951720236,84171,23757500.0
20160728,2.0939999951720236,2.1139999951720236,2.079999995172024,2.1049999951720237,43463,12313826.0
20160729,2.1049999951720237,2.1099999951720236,2.086999995172024,2.0889999951720237,22256,6299848.0
20160801,2.0859999951720236,2.0859999951720236,2.055999995172024,2.071999995172024,33657,9444591.0
20160802,2.071999995172024,2.086999995172024,2.062999995172024,2.075999995172024,40035,11226797.0
20160803,2.075999995172024,2.0859999951720236,2.066999995172024,2.0809999951720237,20295,5711312.0
20160804,2.0809999951720237,2.0809999951720237,2.059999995172024,2.079999995172024,15028,4212986.0
20160805,2.078999995172024,2.095999995172024,2.071999995172024,2.0849999951720237,16627,4688275.0
20160808,2.079999995172024,2.1059999951720236,2.0689999951720237,2.1049999951720237,24053,6786501.0
20160809,2.1049999951720237,2.119999995172024,2.0929999951720237,2.118999995172024,19843,5640427.0
20160810,2.119999995172024,2.127999995172024,2.1099999951720236,2.115999995172024,27242,7771927.0
20160811,2.1139999951720236,2.1449999951720238,2.106999995172024,2.106999995172024,34369,9833422.0
20160812,2.099999995172024,2.168999995172024,2.099999995172024,2.167999995172024,57121,16436236.0
20160815,2.167999995172024,2.2759999951720236,2.167999995172024,2.2539999951720238,166942,49624148.0
20160816,2.2499999951720238,2.2709999951720237,2.215999995172024,2.2349999951720236,104769,31228860.0
20160817,2.2349999951720236,2.2389999951720236,2.207999995172024,2.2189999951720236,44701,13204634.0
20160818,2.2189999951720236,2.2549999951720237,2.203999995172024,2.211999995172024,35959,10630781.0
20160819,2.2109999951720236,2.2259999951720237,2.199999995172024,2.220999995172024,17684,5209281.0
20160822,2.2269999951720236,2.2269999951720236,2.200999995172024,2.207999995172024,104304,30765410.0
20160823,2.207999995172024,2.220999995172024,2.187999995172024,2.2029999951720236,56655,16646735.0
20160824,2.200999995172024,2.207999995172024,2.183999995172024,2.188999995172024,40094,11751835.0
20160825,2.184999995172024,2.184999995172024,2.1549999951720236,2.175999995172024,32763,9511384.0
20160826,2.1779999951720237,2.1909999951720236,2.1659999951720237,2.1739999951720237,81886,23871200.0
20160829,2.1739999951720237,2.1779999951720237,2.1629999951720236,2.1659999951720237,39613,11494739.0
20160830,2.1659999951720237,2.1819999951720237,2.1659999951720237,2.171999995172024,118257,34354816.0
20160831,2.172999995172024,2.1939999951720237,2.168999995172024,2.183999995172024,59450,17328226.0
20160901,2.187999995172024,2.187999995172024,2.164999995172024,2.1659999951720237,46810,13628868.0
20160902,2.164999995172024,2.180999995172024,2.159999995172024,2.180999995172024,116770,33903092.0
20160905,2.180999995172024,2.195999995172024,2.175999995172024,2.1829999951720236,143946,42021500.0
20160906,2.183999995172024,2.2019999951720237,2.160999995172024,2.1949999951720236,133501,38951140.0
20160907,2.195999995172024,2.2099999951720237,2.1899999951720237,2.1979999951720237,58114,17059168.0
20160908,2.1909999951720236,2.1989999951720236,2.1859999951720237,2.1949999951720236,18594,5441506.0
20160909,2.1939999951720237,2.1989999951720236,2.1859999951720237,2.1859999951720237,22893,6702162.0
20160912,2.1619999951720237,2.1619999951720237,2.095999995172024,2.1419999951720237,51714,14807637.0
20160913,2.1459999951720237,2.1509999951720236,2.1219999951720236,2.131999995172024,23730,6802396.0
20160914,2.131999995172024,2.131999995172024,2.1059999951720236,2.115999995172024,24451,6967079.0
20160919,2.115999995172024,2.130999995172024,2.115999995172024,2.1299999951720237,21054,6019657.0
20160920,2.1259999951720236,2.135999995172024,2.123999995172024,2.1299999951720237,13123,3756274.0
20160921,2.1299999951720237,2.135999995172024,2.1249999951720238,2.131999995172024,34019,9748617.0
20160922,2.1339999951720237,2.163999995172024,2.1339999951720237,2.1499999951720237,17868,5157610.0
20160923,2.1499999951720237,2.175999995172024,2.1369999951720238,2.1419999951720237,54371,15674328.0
20160926,2.138999995172024,2.138999995172024,2.0969999951720237,2.1049999951720237,36911,10514585.0
20160927,2.102999995172024,2.1139999951720236,2.090999995172024,2.1129999951720237,55867,15852561.0
20160928,2.1129999951720237,2.1129999951720237,2.098999995172024,2.099999995172024,14398,4088056.0
20160929,2.102999995172024,2.131999995172024,2.0979999951720236,2.111999995172024,52043,14828932.0
20160930,2.111999995172024,2.1209999951720238,2.1099999951720236,2.115999995172024,39794,11344105.0
20161010,2.135999995172024,2.1509999951720236,2.122999995172024,2.148999995172024,45337,13015910.0
20161011,2.151999995172024,2.1619999951720237,2.1499999951720237,2.159999995172024,59338,17158480.0
20161012,2.159999995172024,2.159999995172024,2.1469999951720236,2.1539999951720237,71541,20642086.0
20161013,2.1539999951720237,2.163999995172024,2.147999995172024,2.152999995172024,64452,18606978.0
20161014,2.1509999951720236,2.1619999951720237,2.1429999951720236,2.1579999951720237,68738,19826674.0
20161017,2.1589999951720236,2.1619999951720237,2.1339999951720237,2.138999995172024,75482,21780874.0
20161018,2.134999995172024,2.1829999951720236,2.134999995172024,2.180999995172024,424122,122822488.0
20161019,2.1819999951720237,2.187999995172024,2.167999995172024,2.1739999951720237,141488,41221080.0
20161020,2.172999995172024,2.180999995172024,2.167999995172024,2.172999995172024,55210,16056647.0
20161021,2.167999995172024,2.2019999951720237,2.167999995172024,2.187999995172024,84715,24718790.0
20161024,2.1859999951720237,2.2429999951720236,2.1859999951720237,2.2269999951720236,109581,32384958.0
20161025,2.2269999951720236,2.231999995172024,2.211999995172024,2.2269999951720236,194123,57272748.0
20161026,2.219999995172024,2.2229999951720236,2.2099999951720237,2.2139999951720237,52695,15551106.0
20161027,2.212999995172024,2.212999995172024,2.1989999951720236,2.2029999951720236,45804,13455141.0
20161028,2.2029999951720236,2.227999995172024,2.1989999951720236,2.2019999951720237,106352,31385922.0
20161031,2.2029999951720236,2.2029999951720236,2.1819999951720237,2.196999995172024,135414,39579428.0
20161101,2.2019999951720237,2.2139999951720237,2.192999995172024,2.212999995172024,67148,19718362.0
20161102,2.211999995172024,2.212999995172024,2.192999995172024,2.195999995172024,45481,13347801.0
20161103,2.195999995172024,2.240999995172024,2.1859999951720237,2.2269999951720236,157917,46776132.0
20161104,2.2259999951720237,2.236999995172024,2.2149999951720236,2.2189999951720236,51761,15315909.0
20161107,2.2189999951720236,2.227999995172024,2.211999995172024,2.2219999951720237,68778,20324622.0
20161108,2.223999995172024,2.2459999951720238,2.223999995172024,2.231999995172024,76236,22631070.0
20161109,2.2309999951720236,2.2309999951720236,2.1899999951720237,2.215999995172024,104056,30660868.0
20161110,2.224999995172024,2.2539999951720238,2.224999995172024,2.2459999951720238,133536,39772808.0
20161111,2.2389999951720236,2.281999995172024,2.2389999951720236,2.2759999951720236,139366,41754028.0
20161114,2.273999995172024,2.312999995172024,2.259999995172024,2.288999995172024,189788,57436268.0
20161115,2.2879999951720236,2.2919999951720236,2.272999995172024,2.281999995172024,134971,40694332.0
20161116,2.281999995172024,2.285999995172024,2.2709999951720237,2.2789999951720237,47695,14364703.0
20161117,2.2749999951720237,2.2909999951720237,2.2669999951720237,2.288999995172024,84105,25343598.0
20161118,2.2919999951720236,2.292999995172024,2.2709999951720237,2.272999995172024,35811,10798853.0
20161121,2.2719999951720236,2.3199999951720236,2.2629999951720237,2.2999999951720236,139512,42294976.0
20161122,2.297999995172024,2.3279999951720236,2.297999995172024,2.3239999951720236,127612,38948304.0
20161123,2.325999995172024,2.3469999951720237,2.3229999951720237,2.3279999951720236,123227,37834916.0
20161124,2.325999995172024,2.361999995172024,2.320999995172024,2.3429999951720237,93157,28651994.0
20161125,2.341999995172024,2.3799999951720237,2.3229999951720237,2.3789999951720238,211379,65140228.0
20161128,2.385999995172024,2.406999995172024,2.3749999951720238,2.3929999951720236,129142,40413160.0
20161129,2.3919999951720237,2.434999995172024,2.3749999951720238,2.4159999951720237,114713,36054448.0
20161130,2.410999995172024,2.4169999951720236,2.3789999951720238,2.385999995172024,92455,28933724.0
20161201,2.389999995172024,2.4209999951720236,2.389999995172024,2.4089999951720236,85169,26734994.0
20161202,2.4119999951720237,2.4119999951720237,2.3709999951720238,2.380999995172024,110471,34469004.0
20161205,2.364999995172024,2.364999995172024,2.324999995172024,2.3349999951720237,122004,37474316.0
20161206,2.325999995172024,2.3429999951720237,2.3239999951720236,2.3269999951720237,79505,24362070.0
20161207,2.3269999951720237,2.345999995172024,2.3149999951720237,2.3429999951720237,57163,17507460.0
20161208,2.345999995172024,2.365999995172024,2.3309999951720237,2.333999995172024,87120,26812318.0
20161209,2.333999995172024,2.373999995172024,2.325999995172024,2.3669999951720238,132825,41019128.0
20161212,2.3669999951720238,2.3749999951720238,2.3029999951720237,2.321999995172024,172356,52735300.0
20161213,2.313999995172024,2.3159999951720236,2.280999995172024,2.3039999951720236,87382,26507186.0
20161214,2.3039999951720236,2.3149999951720237,2.284999995172024,2.288999995172024,58397,17728142.0
20161215,2.288999995172024,2.288999995172024,2.232999995172024,2.2389999951720236,94872,28328660.0
20161216,2.2389999951720236,2.2509999951720236,2.2299999951720237,2.2379999951720237,50285,14950565.0
20161219,2.2379999951720237,2.2389999951720236,2.2179999951720237,2.2259999951720237,35876,10625905.0
20161220,2.2259999951720237,2.2259999951720237,2.187999995172024,2.2059999951720237,79673,23402050.0
20161221,2.2109999951720236,2.2419999951720238,2.2109999951720236,2.235999995172024,151813,44960184.0
20161222,2.235999995172024,2.2389999951720236,2.2189999951720236,2.228999995172024,52361,15520524.0
20161223,2.227999995172024,2.228999995172024,2.204999995172024,2.208999995172024,41923,12350061.0
20161226,2.204999995172024,2.235999995172024,2.176999995172024,2.2339999951720237,105861,31103526.0
20161227,2.2309999951720236,2.2339999951720237,2.2189999951720236,2.220999995172024,60586,17934500.0
20161228,2.2189999951720236,2.223999995172024,2.1989999951720236,2.2059999951720237,57280,16848040.0
20161229,2.204999995172024,2.2139999951720237,2.1939999951720237,2.204999995172024,47812,14038898.0
20161230,2.2109999951720236,2.215999995172024,2.200999995172024,2.211999995172024,22677,6678284.0
20170103,2.211999995172024,2.248999995172024,2.211999995172024,2.2419999951720238,63709,18936030.0
20170104,2.2419999951720238,2.264999995172024,2.236999995172024,2.264999995172024,75094,22432728.0
20170105,2.2589999951720237,2.2669999951720237,2.2539999951720238,2.2619999951720238,39052,11698941.0
20170106,2.2509999951720236,2.2669999951720237,2.2509999951720236,2.251999995172024,44325,13251243.0
20170109,2.2509999951720236,2.268999995172024,2.2469999951720236,2.2659999951720238,33530,10044976.0
20170110,2.2659999951720238,2.268999995172024,2.255999995172024,2.2589999951720237,28151,8435225.0
20170111,2.2589999951720237,2.2659999951720238,2.239999995172024,2.243999995172024,48224,14393323.0
20170112,2.243999995172024,2.2499999951720238,2.227999995172024,2.2309999951720236,51602,15358937.0
20170113,2.228999995172024,2.2459999951720238,2.2219999951720237,2.235999995172024,37187,11033476.0
20170116,2.2309999951720236,2.2719999951720236,2.2059999951720237,2.2669999951720237,98138,29134222.0
20170117,2.255999995172024,2.2619999951720238,2.240999995172024,2.2589999951720237,101976,30476652.0
20170118,2.2589999951720237,2.280999995172024,2.256999995172024,2.2749999951720237,71165,21406310.0
20170119,2.2679999951720236,2.280999995172024,2.2589999951720237,2.2619999951720238,38664,11619428.0
20170120,2.2619999951720238,2.284999995172024,2.2619999951720238,2.281999995172024,77028,23191352.0
20170123,2.281999995172024,2.3039999951720236,2.280999995172024,2.288999995172024,52850,16012438.0
20170124,2.288999995172024,2.2989999951720237,2.281999995172024,2.2909999951720237,30778,9306547.0
20170125,2.2909999951720237,2.300999995172024,2.2839999951720236,2.296999995172024,40354,12217819.0
20170126,2.300999995172024,2.3159999951720236,2.300999995172024,2.3119999951720236,65002,19787878.0
20170203,2.3109999951720237,2.313999995172024,2.2839999951720236,2.284999995172024,39689,12016276.0
20170206,2.280999995172024,2.301999995172024,2.280999995172024,2.292999995172024,50877,15383096.0
20170207,2.285999995172024,2.2949999951720237,2.276999995172024,2.2869999951720237,20720,6254875.0
20170208,2.2879999951720236,2.2989999951720237,2.2699999951720238,2.2989999951720237,37361,11275759.0
20170209,2.2989999951720237,2.3189999951720237,2.2959999951720236,2.3119999951720236,64584,19661104.0
20170210,2.313999995172024,2.333999995172024,2.3109999951720237,2.3279999951720236,93721,28650836.0
20170213,2.329999995172024,2.3479999951720236,2.329999995172024,2.3429999951720237,342538,105317144.0
20170214,2.340999995172024,2.3439999951720236,2.3319999951720236,2.3399999951720236,215744,66284652.0
20170215,2.333999995172024,2.3549999951720237,2.3279999951720236,2.3319999951720236,151500,46645680.0
20170216,2.3309999951720237,2.344999995172024,2.3309999951720237,2.344999995172024,69439,21334140.0
20170217,2.3439999951720236,2.3559999951720236,2.3239999951720236,2.325999995172024,135328,41554880.0
20170220,2.3199999951720236,2.365999995172024,2.3199999951720236,2.364999995172024,161983,49970872.0
20170221,2.364999995172024,2.3839999951720237,2.364999995172024,2.372999995172024,112309,34900648.0
20170222,2.373999995172024,2.3799999951720237,2.364999995172024,2.3789999951720238,59830,18596562.0
20170223,2.3749999951720238,2.3839999951720237,2.3519999951720236,2.364999995172024,95055,29473752.0
20170224,2.356999995172024,2.365999995172024,2.3469999951720237,2.3629999951720237,109853,33946984.0
20170227,2.364999995172024,2.364999995172024,2.336999995172024,2.3399999951720236,92951,28690108.0
20170228,2.3389999951720237,2.353999995172024,2.3359999951720236,2.3469999951720237,56121,17276708.0
20170301,2.3469999951720237,2.360999995172024,2.340999995172024,2.3479999951720236,141547,43696160.0
20170302,2.3479999951720236,2.357999995172024,2.3239999951720236,2.324999995172024,71869,22098746.0
20170303,2.321999995172024,2.321999995172024,2.305999995172024,2.3159999951720236,85342,26003410.0
20170306,2.3159999951720236,2.3279999951720236,2.312999995172024,2.3239999951720236,78460,23973188.0
20170307,2.317999995172024,2.3279999951720236,2.316999995172024,2.3269999951720237,50960,15574432.0
20170308,2.3199999951720236,2.332999995172024,2.3199999951720236,2.3269999951720237,42197,12918679.0
20170309,2.3199999951720236,2.320999995172024,2.296999995172024,2.308999995172024,47528,14453100.0
20170310,2.308999995172024,2.313999995172024,2.300999995172024,2.3029999951720237,86824,26388428.0
20170313,2.3029999951720237,2.329999995172024,2.2909999951720237,2.328999995172024,115861,35371220.0
20170314,2.325999995172024,2.332999995172024,2.3199999951720236,2.3279999951720236,37677,11539487.0
20170315,2.3199999951720236,2.3349999951720237,2.3189999951720237,2.333999995172024,53751,16454264.0
20170316,2.3389999951720237,2.3589999951720237,2.3389999951720237,2.352999995172024,95971,29610574.0
20170317,2.3509999951720237,2.353999995172024,2.3109999951720237,2.3199999951720236,54840,16838204.0
20170320,2.316999995172024,2.325999995172024,2.305999995172024,2.3199999951720236,232146,70852280.0
20170321,2.3199999951720236,2.328999995172024,2.316999995172024,2.3279999951720236,94897,29021328.0
20170322,2.3119999951720236,2.325999995172024,2.301999995172024,2.3079999951720236,71887,21904950.0
20170323,2.3119999951720236,2.3309999951720237,2.297999995172024,2.3159999951720236,90194,27515194.0
20170324,2.3159999951720236,2.353999995172024,2.312999995172024,2.345999995172024,149251,45687968.0
20170327,2.340999995172024,2.3599999951720236,2.3359999951720236,2.3399999951720236,161623,49797716.0
20170328,2.337999995172024,2.3399999951720236,2.3229999951720237,2.3279999951720236,108036,33125678.0
20170329,2.3319999951720236,2.340999995172024,2.3189999951720237,2.3279999951720236,138959,42560624.0
20170330,2.325999995172024,2.3279999951720236,2.296999995172024,2.308999995172024,170262,51828032.0
20170331,2.308999995172024,2.3229999951720237,2.301999995172024,2.3229999951720237,129598,39540608.0
20170405,2.340999995172024,2.368999995172024,2.3359999951720236,2.3679999951720236,204280,63019732.0
20170406,2.368999995172024,2.3789999951720238,2.3549999951720237,2.3719999951720236,114813,35609132.0
20170407,2.372999995172024,2.3839999951720237,2.3629999951720237,2.3749999951720238,79245,24618512.0
20170410,2.373999995172024,2.3799999951720237,2.3639999951720236,2.3679999951720236,124272,38571624.0
20170411,2.3669999951720238,2.3829999951720238,2.341999995172024,2.3789999951720238,91420,28276864.0
20170412,2.3799999951720237,2.3799999951720237,2.353999995172024,2.3669999951720238,88709,27536292.0
20170413,2.365999995172024,2.369999995172024,2.357999995172024,2.364999995172024,75500,23390676.0
20170414,2.364999995172024,2.3669999951720238,2.337999995172024,2.344999995172024,118542,36585304.0
20170417,2.341999995172024,2.341999995172024,2.316999995172024,2.340999995172024,123329,37783632.0
20170418,2.3359999951720236,2.3399999951720236,2.3199999951720236,2.320999995172024,98200,30100648.0
20170419,2.3189999951720237,2.3189999951720237,2.280999995172024,2.2989999951720237,151568,45952668.0
20170420,2.2919999951720236,2.3119999951720236,2.2879999951720236,2.3109999951720237,60100,18252626.0
20170421,2.3119999951720236,2.3269999951720237,2.3069999951720237,2.324999995172024,103209,31471318.0
20170424,2.321999995172024,2.321999995172024,2.277999995172024,2.3069999951720237,139351,42163344.0
20170425,2.305999995172024,2.309999995172024,2.2919999951720236,2.3039999951720236,96595,29341016.0
20170426,2.2999999951720236,2.3199999951720236,2.296999995172024,2.305999995172024,83606,25444062.0
20170427,2.3039999951720236,2.304999995172024,2.273999995172024,2.3029999951720237,139437,42106252.0
20170428,2.3029999951720237,2.3029999951720237,2.284999995172024,2.2999999951720236,49415,14955161.0
20170502,2.2959999951720236,2.3029999951720237,2.285999995172024,2.288999995172024,54671,16549832.0
20170503,2.285999995172024,2.2909999951720237,2.2709999951720237,2.280999995172024,95229,28712640.0
20170504,2.2749999951720237,2.280999995172024,2.2589999951720237,2.2659999951720238,125136,37547348.0
20170505,2.2619999951720238,2.2619999951720238,2.2349999951720236,2.2579999951720238,118693,35412840.0
20170508,2.255999995172024,2.2579999951720238,2.2309999951720236,2.255999995172024,130674,38906432.0
20170509,2.2459999951720238,2.2539999951720238,2.2339999951720237,2.243999995172024,79374,23636226.0
20170510,2.243999995172024,2.259999995172024,2.2349999951720236,2.236999995172024,88353,26350692.0
20170511,2.2309999951720236,2.2539999951720238,2.220999995172024,2.247999995172024,75337,22379022.0
20170512,2.247999995172024,2.2839999951720236,2.243999995172024,2.277999995172024,138295,41567464.0
20170515,2.285999995172024,2.2999999951720236,2.285999995172024,2.289999995172024,63016,19069018.0
20170516,2.289999995172024,2.300999995172024,2.264999995172024,2.300999995172024,122286,36840752.0
20170517,2.296999995172024,2.3029999951720237,2.280999995172024,2.2829999951720237,50123,15152879.0
20170518,2.2789999951720237,2.2799999951720236,2.264999995172024,2.272999995172024,57404,17260658.0
20170519,2.2719999951720236,2.277999995172024,2.2669999951720237,2.272999995172024,43869,13193238.0
20170522,2.2709999951720237,2.297999995172024,2.2669999951720237,2.2869999951720237,60926,18371978.0
20170523,2.2829999951720237,2.3119999951720236,2.280999995172024,2.309999995172024,87013,26408206.0
20170524,2.305999995172024,2.3069999951720237,2.2799999951720236,2.3069999951720237,61299,18536844.0
20170525,2.2999999951720236,2.376999995172024,2.2999999951720236,2.3759999951720236,186555,57531292.0
20170526,2.360999995172024,2.3869999951720238,2.360999995172024,2.372999995172024,79503,24716808.0
20170531,2.389999995172024,2.4079999951720237,2.3669999951720238,2.380999995172024,75687,23604712.0
20170601,2.3829999951720238,2.397999995172024,2.369999995172024,2.3959999951720237,70404,21968486.0
20170602,2.3969999951720236,2.3999999951720237,2.373999995172024,2.380999995172024,31138,9704170.0
20170605,2.380999995172024,2.380999995172024,2.353999995172024,2.357999995172024,51320,15871672.0
20170606,2.353999995172024,2.372999995172024,2.3519999951720236,2.3719999951720236,58322,18045828.0
20170607,2.373999995172024,2.4039999951720237,2.372999995172024,2.401999995172024,97649,30551776.0
20170608,2.401999995172024,2.426999995172024,2.3929999951720236,2.425999995172024,138059,43390796.0
20170609,2.4209999951720236,2.458999995172024,2.418999995172024,2.4449999951720236,122624,39000148.0
20170612,2.4449999951720236,2.465999995172024,2.4289999951720236,2.433999995172024,105001,33455628.0
20170613,2.425999995172024,2.441999995172024,2.417999995172024,2.4409999951720236,75426,23887080.0
20170614,2.4359999951720237,2.4359999951720237,2.4039999951720237,2.4089999951720236,53599,16897380.0
20170615,2.406999995172024,2.4159999951720237,2.3879999951720237,2.3959999951720237,70139,21977082.0
20170616,2.3969999951720236,2.4079999951720237,2.389999995172024,2.3929999951720236,49747,15594624.0
20170619,2.3929999951720236,2.4279999951720237,2.3929999951720236,2.4239999951720237,87495,27579992.0
20170620,2.4209999951720236,2.433999995172024,2.410999995172024,2.4169999951720236,59840,18861448.0
20170621,2.4329999951720236,2.4449999951720236,2.4129999951720236,2.4449999951720236,85075,26900390.0
20170622,2.4439999951720237,2.4929999951720236,2.434999995172024,2.4599999951720237,128975,41322620.0
20170623,2.4479999951720237,2.473999995172024,2.4329999951720236,2.4719999951720237,67952,21642172.0
20170626,2.4719999951720237,2.510999995172024,2.470999995172024,2.5009999951720236,79867,25841006.0
20170627,2.5009999951720236,2.514999995172024,2.4889999951720236,2.510999995172024,39279,12705213.0
20170628,2.5089999951720237,2.5179999951720236,2.490999995172024,2.493999995172024,41708,13495448.0
20170629,2.4959999951720238,2.513999995172024,2.489999995172024,2.5129999951720237,74094,23995398.0
20170630,2.506999995172024,2.513999995172024,2.493999995172024,2.510999995172024,68987,22341712.0
20170703,2.510999995172024,2.510999995172024,2.4879999951720237,2.5009999951720236,54854,17744270.0
20170704,2.5009999951720236,2.5009999951720236,2.4719999951720237,2.4769999951720236,84930,27294576.0
20170705,2.478999995172024,2.514999995172024,2.4719999951720237,2.5129999951720237,121483,39206764.0
20170706,2.5129999951720237,2.526999995172024,2.493999995172024,2.5209999951720237,139897,45405384.0
20170707,2.5159999951720238,2.5249999951720237,2.4969999951720236,2.522999995172024,53046,17211236.0
20170710,2.5209999951720237,2.539999995172024,2.510999995172024,2.530999995172024,63188,20621820.0
20170711,2.5209999951720237,2.574999995172024,2.5209999951720237,2.546999995172024,112510,36954336.0
20170712,2.5459999951720236,2.5739999951720236,2.5259999951720236,2.5379999951720236,63912,21011224.0
20170713,2.5379999951720236,2.578999995172024,2.5379999951720236,2.578999995172024,84544,27878032.0
20170714,2.5809999951720237,2.6049999951720237,2.5729999951720237,2.602999995172024,98561,32731708.0
20170717,2.6019999951720236,2.631999995172024,2.5419999951720236,2.5849999951720237,165504,55052580.0
20170718,2.575999995172024,2.5939999951720236,2.5499999951720236,2.5859999951720236,140100,46325412.0
20170719,2.5809999951720237,2.647999995172024,2.5809999951720237,2.647999995172024,109818,36824600.0
20170720,2.6459999951720237,2.6589999951720236,2.6339999951720237,2.6549999951720236,83388,28208398.0
20170721,2.647999995172024,2.6549999951720236,2.6329999951720238,2.638999995172024,48651,16437969.0
20170724,2.6369999951720238,2.664999995172024,2.6259999951720236,2.6539999951720237,66465,22515182.0
20170725,2.651999995172024,2.6619999951720237,2.627999995172024,2.6329999951720238,77848,26316160.0
20170726,2.6329999951720238,2.6589999951720236,2.6089999951720237,2.6289999951720238,139241,46765904.0
20170727,2.627999995172024,2.6369999951720238,2.598999995172024,2.6329999951720238,64686,21684520.0
20170728,2.634999995172024,2.6429999951720236,2.610999995172024,2.6339999951720237,73102,24592414.0
20170731,2.635999995172024,2.6629999951720236,2.631999995172024,2.651999995172024,68864,23301188.0
20170801,2.6469999951720236,2.6899999951720237,2.6469999951720236,2.688999995172024,63867,21775928.0
20170802,2.6869999951720236,2.711999995172024,2.684999995172024,2.6899999951720237,86252,29608460.0
20170803,2.6899999951720237,2.699999995172024,2.6579999951720237,2.660999995172024,65936,22482192.0
20170804,2.660999995172024,2.675999995172024,2.6409999951720238,2.6409999951720238,97363,33061976.0
20170807,2.6509999951720236,2.668999995172024,2.626999995172024,2.6589999951720236,74372,25155008.0
20170808,2.6619999951720237,2.667999995172024,2.647999995172024,2.6589999951720236,68526,23244738.0
20170809,2.6619999951720237,2.6619999951720237,2.6469999951720236,2.6509999951720236,62497,21167944.0
20170810,2.6509999951720236,2.6619999951720237,2.6129999951720237,2.6379999951720237,121756,41035752.0
20170811,2.6209999951720238,2.622999995172024,2.575999995172024,2.578999995172024,259769,86533128.0
20170814,2.570999995172024,2.6209999951720238,2.570999995172024,2.6129999951720237,152447,50863400.0
20170815,2.610999995172024,2.6409999951720238,2.610999995172024,2.623999995172024,112377,37774092.0
20170816,2.623999995172024,2.623999995172024,2.598999995172024,2.6169999951720238,123238,41219112.0
20170817,2.6169999951720238,2.6369999951720238,2.6169999951720238,2.6339999951720237,103685,34879012.0
20170818,2.638999995172024,2.652999995172024,2.6209999951720238,2.6459999951720237,75236,25364128.0
20170821,2.6459999951720237,2.6589999951720236,2.639999995172024,2.651999995172024,80826,27336544.0
20170822,2.647999995172024,2.667999995172024,2.643999995172024,2.664999995172024,92130,31244720.0
20170823,2.664999995172024,2.687999995172024,2.6619999951720237,2.672999995172024,107470,36616204.0
20170824,2.671999995172024,2.6909999951720236,2.651999995172024,2.6549999951720236,96968,33004606.0
20170825,2.655999995172024,2.7259999951720237,2.655999995172024,2.7259999951720237,138649,47542852.0
20170828,2.731999995172024,2.788999995172024,2.7309999951720236,2.759999995172024,246507,86170632.0
20170829,2.759999995172024,2.772999995172024,2.7459999951720238,2.759999995172024,195994,68488896.0
20170830,2.755999995172024,2.7839999951720236,2.748999995172024,2.7509999951720236,557203,194863984.0
20170831,2.752999995172024,2.759999995172024,2.7259999951720237,2.740999995172024,173797,60390004.0
20170901,2.743999995172024,2.7629999951720237,2.7349999951720236,2.7469999951720236,82752,28825838.0
20170904,2.747999995172024,2.7579999951720238,2.731999995172024,2.755999995172024,66233,23055300.0
20170905,2.755999995172024,2.7749999951720237,2.7509999951720236,2.764999995172024,82958,29017156.0
20170906,2.764999995172024,2.764999995172024,2.739999995172024,2.755999995172024,94523,32914270.0
20170907,2.7619999951720238,2.7619999951720238,2.7259999951720237,2.7299999951720237,82886,28817830.0
20170908,2.7309999951720236,2.7469999951720236,2.7219999951720237,2.728999995172024,98451,34151364.0
20170911,2.7269999951720236,2.7499999951720238,2.7219999951720237,2.7259999951720237,80052,27746520.0
20170912,2.7259999951720237,2.751999995172024,2.7259999951720237,2.7429999951720236,76481,26565358.0
20170913,2.739999995172024,2.7459999951720238,2.727999995172024,2.7419999951720238,74193,25769964.0
20170914,2.7459999951720238,2.7469999951720236,2.715999995172024,2.719999995172024,47672,16495145.0
20170915,2.7189999951720236,2.7259999951720237,2.7069999951720236,2.716999995172024,47475,16388198.0
20170918,2.7179999951720237,2.743999995172024,2.7139999951720237,2.728999995172024,59936,20785854.0
20170919,2.7259999951720237,2.7339999951720237,2.7059999951720237,2.715999995172024,73350,25346802.0
20170920,2.715999995172024,2.7259999951720237,2.7069999951720236,2.716999995172024,70438,24317788.0
20170921,2.715999995172024,2.7419999951720238,2.711999995172024,2.715999995172024,117737,40718380.0
20170922,2.7189999951720236,2.7229999951720236,2.6989999951720236,2.716999995172024,37828,13016754.0
20170925,2.715999995172024,2.715999995172024,2.699999995172024,2.7069999951720236,33644,11578026.0
20170926,2.7059999951720237,2.7139999951720237,2.703999995172024,2.707999995172024,36790,12670754.0
20170927,2.700999995172024,2.7109999951720236,2.6979999951720237,2.700999995172024,31653,10890160.0
20170928,2.700999995172024,2.7019999951720237,2.6939999951720237,2.700999995172024,20768,7127042.0
20170929,2.700999995172024,2.723999995172024,2.6979999951720237,2.7109999951720236,38131,13157920.0
20171009,2.7759999951720236,2.7909999951720237,2.736999995172024,2.743999995172024,61098,21386360.0
20171010,2.744999995172024,2.7589999951720237,2.716999995172024,2.740999995172024,62083,21497336.0
20171011,2.739999995172024,2.760999995172024,2.736999995172024,2.747999995172024,63921,22266750.0
20171012,2.747999995172024,2.7679999951720236,2.7459999951720238,2.763999995172024,79946,27883520.0
20171013,2.756999995172024,2.768999995172024,2.756999995172024,2.764999995172024,51480,18003138.0
20171016,2.763999995172024,2.785999995172024,2.763999995172024,2.768999995172024,69781,24479782.0
20171017,2.7679999951720236,2.7749999951720237,2.7579999951720238,2.764999995172024,52903,18526094.0
20171018,2.764999995172024,2.7879999951720236,2.764999995172024,2.7869999951720237,58510,20537028.0
20171019,2.7909999951720237,2.7909999951720237,2.776999995172024,2.7869999951720237,56408,19837064.0
20171020,2.785999995172024,2.785999995172024,2.7719999951720236,2.7799999951720236,37800,13281974.0
20171023,2.7799999951720236,2.785999995172024,2.7759999951720236,2.7839999951720236,58216,20459062.0
20171024,2.780999995172024,2.805999995172024,2.7759999951720236,2.8039999951720236,55249,19509962.0
20171025,2.8039999951720236,2.8149999951720237,2.7959999951720236,2.813999995172024,40671,14399799.0
20171026,2.813999995172024,2.8429999951720237,2.809999995172024,2.821999995172024,92141,32821994.0
20171027,2.817999995172024,2.853999995172024,2.817999995172024,2.8519999951720236,90745,32442124.0
20171030,2.8589999951720237,2.8629999951720237,2.8079999951720236,2.841999995172024,75251,26835806.0
20171031,2.837999995172024,2.837999995172024,2.8159999951720236,2.836999995172024,62705,22326502.0
20171101,2.836999995172024,2.8559999951720236,2.8199999951720236,2.8269999951720237,63332,22615526.0
20171102,2.8269999951720237,2.8269999951720237,2.804999995172024,2.824999995172024,47287,16770147.0
20171103,2.8159999951720236,2.828999995172024,2.7959999951720236,2.8269999951720237,47739,16924124.0
20171106,2.8159999951720236,2.836999995172024,2.808999995172024,2.8359999951720236,56339,20042862.0
20171107,2.8359999951720236,2.873999995172024,2.8359999951720236,2.865999995172024,84887,30506452.0
20171108,2.8679999951720236,2.8909999951720238,2.856999995172024,2.8629999951720237,45407,16377399.0
20171109,2.856999995172024,2.881999995172024,2.856999995172024,2.880999995172024,40729,14658689.0
20171110,2.881999995172024,2.913999995172024,2.873999995172024,2.910999995172024,129026,46943708.0
20171113,2.910999995172024,2.933999995172024,2.910999995172024,2.917999995172024,143421,52475832.0
20171114,2.9169999951720236,2.926999995172024,2.8929999951720236,2.898999995172024,70519,25679900.0
20171115,2.897999995172024,2.902999995172024,2.8759999951720236,2.8799999951720237,87069,31504416.0
20171116,2.9039999924302102,2.90899999243021,2.87699999243021,2.9039999924302102,79897,27907432.0
20171117,2.90599999243021,2.9519999924302103,2.89299999243021,2.94999999243021,89055,31328354.0
20171120,2.94199999243021,2.95699999243021,2.89899999243021,2.95499999243021,79211,27941588.0
20171121,2.9519999924302103,3.01899999243021,2.94099999243021,3.0039999924302103,210676,75885488.0
20171122,3.00199999243021,3.05099999243021,2.99899999243021,3.0209999924302102,183491,66637072.0
20171123,3.02799999243021,3.02799999243021,2.91499999243021,2.92899999243021,121659,43526408.0
20171124,2.9199999924302102,2.94199999243021,2.90199999243021,2.92899999243021,109132,38455232.0
20171127,2.92199999243021,2.9239999924302102,2.88399999243021,2.9039999924302102,91304,31959590.0
20171128,2.89699999243021,2.90499999243021,2.86799999243021,2.8959999924302102,63984,22316662.0
20171129,2.89299999243021,2.91299999243021,2.8629999924302103,2.89699999243021,67712,23634332.0
20171130,2.88499999243021,2.89699999243021,2.8549999924302103,2.86399999243021,80345,27952794.0
20171201,2.86799999243021,2.8709999924302103,2.8429999924302103,2.85199999243021,71980,24884210.0
20171204,2.8469999924302103,2.8749999924302103,2.83599999243021,2.8669999924302103,65584,22690728.0
20171205,2.86399999243021,2.91099999243021,2.86399999243021,2.90499999243021,103300,36091744.0
20171206,2.90499999243021,2.90499999243021,2.8389999924302103,2.8669999924302103,68891,23909226.0
20171207,2.8669999924302103,2.86899999243021,2.8269999924302103,2.83999999243021,54076,18655362.0
20171208,2.83399999243021,2.8669999924302103,2.82599999243021,2.8629999924302103,83945,28964940.0
20171211,2.8629999924302103,2.90999999243021,2.85299999243021,2.90699999243021,98842,34477496.0
20171212,2.90499999243021,2.90599999243021,2.85299999243021,2.85399999243021,35803,12477515.0
20171213,2.85699999243021,2.8829999924302103,2.8429999924302103,2.87699999243021,41252,14288755.0
20171214,2.86999999243021,2.88399999243021,2.8469999924302103,2.85699999243021,34980,12124801.0
20171215,2.84999999243021,2.85299999243021,2.81799999243021,2.82099999243021,55794,19159808.0
20171218,2.81699999243021,2.84099999243021,2.80899999243021,2.82399999243021,54223,18594628.0
20171219,2.82199999243021,2.86399999243021,2.82099999243021,2.86399999243021,86432,29844046.0
20171220,2.8589999924302103,2.8749999924302103,2.84899999243021,2.8629999924302103,46048,15966937.0
20171221,2.8629999924302103,2.8959999924302102,2.84899999243021,2.88399999243021,72280,25143532.0
20171222,2.87199999243021,2.89199999243021,2.8669999924302103,2.87199999243021,56509,19684596.0
20171225,2.87199999243021,2.90199999243021,2.8549999924302103,2.86399999243021,70580,24567362.0
20171226,2.8589999924302103,2.88199999243021,2.85299999243021,2.88099999243021,77916,27049350.0
20171227,2.88099999243021,2.88099999243021,2.81699999243021,2.82399999243021,114364,39578200.0
20171228,2.82399999243021,2.85699999243021,2.8149999924302103,2.84399999243021,101738,35010696.0
20171229,2.84099999243021,2.85999999243021,2.8389999924302103,2.85399999243021,62192,21474128.0
20180102,2.8429999924302103,2.90299999243021,2.8429999924302103,2.90299999243021,173477,60596768.0
20180103,2.90599999243021,2.94599999243021,2.90299999243021,2.91499999243021,83240,29356744.0
20180104,2.92599999243021,2.93899999243021,2.91299999243021,2.92999999243021,100482,35461036.0
20180105,2.93699999243021,2.95099999243021,2.92699999243021,2.93899999243021,112253,39795804.0
20180108,2.9359999924302103,2.96999999243021,2.9359999924302103,2.96299999243021,105134,37380532.0
20180109,2.96199999243021,2.98499999243021,2.95799999243021,2.98299999243021,69871,25006388.0
20180110,2.9839999924302103,3.00599999243021,2.9719999924302103,3.00499999243021,85397,30683916.0
20180111,3.00099999243021,3.00499999243021,2.9799999924302103,2.99799999243021,77491,27865696.0
20180112,2.99799999243021,3.01699999243021,2.9919999924302103,3.01499999243021,85574,30888598.0
20180115,3.01499999243021,3.05099999243021,3.0079999924302103,3.0209999924302102,98162,35653728.0
20180116,3.01699999243021,3.04199999243021,3.00899999243021,3.04199999243021,98705,35814296.0
20180117,3.04199999243021,3.09199999243021,3.03199999243021,3.04799999243021,121480,44569376.0
20180118,3.04699999243021,3.0889999924302103,3.04699999243021,3.07599999243021,108478,39875312.0
20180119,3.07599999243021,3.11499999243021,3.07599999243021,3.0929999924302103,106762,39506636.0
20180122,3.09099999243021,3.11599999243021,3.08399999243021,3.11399999243021,116242,43114828.0
20180123,3.11599999243021,3.1619999924302102,3.11599999243021,3.15999999243021,140739,52788708.0
20180124,3.15999999243021,3.18099999243021,3.13399999243021,3.1699999924302102,120609,45430832.0
20180125,3.17099999243021,3.17199999243021,3.11799999243021,3.14699999243021,91461,34284432.0
20180126,3.14199999243021,3.19299999243021,3.11799999243021,3.1699999924302102,119865,45231236.0
20180129,3.17299999243021,3.19299999243021,3.09799999243021,3.10599999243021,141857,53196976.0
20180130,3.10599999243021,3.1169999924302103,3.06699999243021,3.0689999924302103,138867,51343336.0
20180131,3.05799999243021,3.10299999243021,3.05599999243021,3.09899999243021,130767,48113816.0
20180201,3.09799999243021,3.11399999243021,3.06299999243021,3.0969999924302103,103724,38262208.0
20180202,3.09099999243021,3.1129999924302103,3.03899999243021,3.11199999243021,156354,57632748.0
20180205,3.07799999243021,3.1369999924302103,3.0649999924302103,3.1369999924302103,189483,70287576.0
20180206,3.09499999243021,3.10699999243021,3.01799999243021,3.02299999243021,217745,79540136.0
20180207,3.06299999243021,3.0889999924302103,2.94899999243021,2.95699999243021,150587,54502524.0
20180208,2.95699999243021,2.95699999243021,2.82399999243021,2.88099999243021,153659,53789868.0
20180209,2.81399999243021,2.8149999924302103,2.65699999243021,2.72299999243021,199964,66313072.0
20180212,2.72799999243021,2.75699999243021,2.69699999243021,2.73999999243021,104119,34761140.0
20180213,2.76299999243021,2.8269999924302103,2.76299999243021,2.78399999243021,89520,30465154.0
20180214,2.78399999243021,2.8109999924302103,2.77399999243021,2.80799999243021,67307,22836058.0
20180222,2.8469999924302103,2.8789999924302103,2.8429999924302103,2.87699999243021,66549,23065810.0
20180223,2.87699999243021,2.91299999243021,2.8709999924302103,2.9039999924302102,90900,31770682.0
20180226,2.91399999243021,2.93799999243021,2.87999999243021,2.92699999243021,61851,21744582.0
20180227,2.93699999243021,2.93699999243021,2.86899999243021,2.88099999243021,101320,35433936.0
20180228,2.85299999243021,2.86199999243021,2.8229999924302103,2.8389999924302103,60309,20762288.0
20180301,2.81699999243021,2.86999999243021,2.80899999243021,2.85199999243021,66643,22981010.0
20180302,2.81799999243021,2.84899999243021,2.81299999243021,2.82499999243021,51970,17837704.0
20180305,2.8269999924302103,2.84999999243021,2.8069999924302103,2.82599999243021,41072,14081440.0
20180306,2.82599999243021,2.86599999243021,2.80499999243021,2.86499999243021,52702,18135894.0
20180307,2.87399999243021,2.88899999243021,2.83699999243021,2.84499999243021,69991,24298664.0
20180308,2.83999999243021,2.87399999243021,2.8389999924302103,2.87399999243021,64070,22186294.0
20180309,2.87599999243021,2.8909999924302103,2.86799999243021,2.88499999243021,78107,27201270.0
20180312,2.88899999243021,2.91099999243021,2.88399999243021,2.89799999243021,62755,21970580.0
20180313,2.89699999243021,2.9079999924302102,2.86199999243021,2.86399999243021,54950,19165952.0
20180314,2.86499999243021,2.86499999243021,2.84399999243021,2.85299999243021,50866,17583884.0
20180315,2.85299999243021,2.87699999243021,2.8469999924302103,2.87399999243021,67433,23388466.0
20180316,2.87399999243021,2.88899999243021,2.8469999924302103,2.84799999243021,73385,25499318.0
20180319,2.84799999243021,2.8669999924302103,2.8269999924302103,2.8669999924302103,66649,23038126.0
20180320,2.85999999243021,2.88099999243021,2.8269999924302103,2.87999999243021,64751,22458184.0
20180321,2.88099999243021,2.90499999243021,2.84799999243021,2.86399999243021,76574,26734766.0
20180322,2.8629999924302103,2.87299999243021,2.81699999243021,2.83699999243021,75614,26042816.0
20180323,2.77999999243021,2.77999999243021,2.69599999243021,2.7379999924302103,207486,69187416.0
20180326,2.71899999243021,2.7219999924302103,2.66899999243021,2.70399999243021,105904,34924328.0
20180327,2.73199999243021,2.7499999924302103,2.70099999243021,2.7219999924302103,88933,29589270.0
20180328,2.7059999924302103,2.7219999924302103,2.65899999243021,2.66499999243021,75622,24883596.0
20180329,2.66899999243021,2.72699999243021,2.62299999243021,2.7099999924302103,133903,43874452.0
20180330,2.7099999924302103,2.71899999243021,2.68799999243021,2.7059999924302103,59624,19715832.0
20180402,2.70699999243021,2.74299999243021,2.69299999243021,2.69699999243021,63147,20948748.0
20180403,2.68399999243021,2.68899999243021,2.66299999243021,2.67899999243021,60416,19784326.0
20180404,2.68499999243021,2.70899999243021,2.6699999924302102,2.67699999243021,80194,26454246.0
20180409,2.67499999243021,2.69199999243021,2.65699999243021,2.68299999243021,103091,33875568.0
20180410,2.6779999924302103,2.7499999924302103,2.6779999924302103,2.7499999924302103,152872,50627060.0
20180411,2.76299999243021,2.7709999924302102,2.73999999243021,2.75699999243021,124226,41764936.0
20180412,2.75599999243021,2.75599999243021,2.71999999243021,2.72299999243021,46752,15620882.0
20180413,2.72799999243021,2.74499999243021,2.69199999243021,2.69699999243021,50193,16637394.0
20180416,2.69699999243021,2.69699999243021,2.6249999924302103,2.63799999243021,73271,23876462.0
20180417,2.64299999243021,2.6539999924302102,2.5929999924302103,2.5969999924302103,74712,24152924.0
20180418,2.61399999243021,2.6249999924302103,2.5729999924302103,2.6129999924302103,88905,28477814.0
20180419,2.6129999924302103,2.65899999243021,2.6129999924302103,2.6459999924302102,82667,26836030.0
20180420,2.63599999243021,2.64299999243021,2.59199999243021,2.6049999924302103,66637,21436836.0
20180423,2.6049999924302103,2.6249999924302103,2.5929999924302103,2.61499999243021,94410,30320004.0
20180424,2.61099999243021,2.69099999243021,2.61099999243021,2.67499999243021,183218,59914308.0
20180425,2.6619999924302102,2.67099999243021,2.65199999243021,2.6579999924302102,96214,31410182.0
20180426,2.6579999924302102,2.66899999243021,2.6049999924302103,2.6129999924302103,95354,30827724.0
20180427,2.6169999924302103,2.62699999243021,2.5729999924302103,2.61399999243021,119282,38233056.0
20180502,2.61599999243021,2.63199999243021,2.5969999924302103,2.6169999924302103,74396,23909350.0
20180503,2.61499999243021,2.63999999243021,2.59099999243021,2.63599999243021,57223,18419886.0
20180504,2.63499999243021,2.64399999243021,2.61499999243021,2.61999999243021,51429,16627857.0
20180507,2.61999999243021,2.66499999243021,2.6169999924302103,2.66399999243021,78301,25389702.0
20180508,2.65899999243021,2.7139999924302103,2.65499999243021,2.70099999243021,111579,36783864.0
20180509,2.70499999243021,2.70499999243021,2.6819999924302103,2.69699999243021,48396,15968015.0
20180510,2.69899999243021,2.71899999243021,2.6939999924302103,2.71699999243021,70352,23261514.0
20180511,2.71899999243021,2.72099999243021,2.7019999924302103,2.70299999243021,55962,18558458.0
20180514,2.69699999243021,2.73999999243021,2.69699999243021,2.7339999924302103,52290,17435672.0
20180515,2.73299999243021,2.7419999924302103,2.7179999924302103,2.7419999924302103,52077,17361688.0
20180516,2.7339999924302103,2.7379999924302103,2.7059999924302103,2.7099999924302103,65254,21700144.0
20180517,2.7099999924302103,2.71299999243021,2.68399999243021,2.6859999924302103,74929,24729430.0
20180518,2.68699999243021,2.72699999243021,2.67299999243021,2.7259999924302103,92419,30529462.0
20180521,2.73699999243021,2.75299999243021,2.7339999924302103,2.73899999243021,65771,22012314.0
20180522,2.7379999924302103,2.7379999924302103,2.70899999243021,2.72799999243021,87304,29047412.0
20180523,2.72299999243021,2.72299999243021,2.68399999243021,2.68399999243021,70541,23301956.0
20180524,2.68499999243021,2.68799999243021,2.6579999924302102,2.65899999243021,81857,26835804.0
20180525,2.6499999924302102,2.67699999243021,2.6499999924302102,2.6619999924302102,65575,21433962.0
20180528,2.66299999243021,2.6819999924302103,2.6459999924302102,2.67099999243021,79987,26140478.0
20180529,2.66699999243021,2.67499999243021,2.63899999243021,2.65499999243021,98656,32170002.0
20180530,2.6169999924302103,2.62699999243021,2.5889999924302103,2.5889999924302103,117103,37558880.0
20180531,2.5929999924302103,2.6449999924302103,2.5929999924302103,2.6409999924302103,65172,21050552.0
20180601,2.63499999243021,2.64899999243021,2.61199999243021,2.62399999243021,71003,22953808.0
20180604,2.63199999243021,2.65999999243021,2.6289999924302103,2.6539999924302102,81171,26397242.0
20180605,2.66499999243021,2.67999999243021,2.64399999243021,2.67699999243021,119310,38913096.0
20180606,2.6699999924302102,2.67899999243021,2.66499999243021,2.67099999243021,85171,27905592.0
20180607,2.67699999243021,2.7019999924302103,2.67699999243021,2.67999999243021,105342,34663836.0
20180608,2.66899999243021,2.6699999924302102,2.62399999243021,2.6369999924302103,80968,26272350.0
20180611,2.60699999243021,2.64199999243021,2.60699999243021,2.63599999243021,38548,12454909.0
20180612,2.63499999243021,2.67199999243021,2.6209999924302103,2.6659999924302102,60652,19738712.0
20180613,2.6659999924302102,2.6659999924302102,2.63499999243021,2.63999999243021,55363,18008286.0
20180614,2.63499999243021,2.66299999243021,2.62999999243021,2.64299999243021,126335,41032480.0
20180615,2.64199999243021,2.65099999243021,2.6209999924302103,2.63599999243021,142075,46053424.0
20180619,2.62299999243021,2.62299999243021,2.50099999243021,2.5369999924302102,178091,56531612.0
20180620,2.5289999924302102,2.55499999243021,2.50099999243021,2.54299999243021,131028,41053444.0
20180621,2.5449999924302102,2.58299999243021,2.5119999924302103,2.51899999243021,73622,23235962.0
20180622,2.51699999243021,2.5289999924302102,2.4839999924302103,2.52699999243021,42447,13194793.0
20180625,2.53899999243021,2.55199999243021,2.4799999924302103,2.48099999243021,77895,24201160.0
20180626,2.47499999243021,2.47499999243021,2.41099999243021,2.44899999243021,129667,39455024.0
20180627,2.44899999243021,2.4599999924302103,2.3789999924302103,2.39399999243021,115441,34691648.0
20180628,2.39399999243021,2.41099999243021,2.36399999243021,2.3709999924302103,95423,28479120.0
20180629,2.37399999243021,2.4399999924302103,2.37399999243021,2.43699999243021,79803,24060066.0
20180702,2.44099999243021,2.44099999243021,2.32999999243021,2.3429999924302103,288297,85347496.0
20180703,2.3469999924302103,2.35799999243021,2.2829999924302102,2.35399999243021,80272,23511444.0
20180704,2.35299999243021,2.36399999243021,2.32499999243021,2.32899999243021,66186,19480900.0
20180705,2.32899999243021,2.3549999924302103,2.30499999243021,2.32199999243021,88961,26075756.0
20180706,2.3189999924302103,2.36499999243021,2.28099999243021,2.3429999924302103,150466,44024812.0
20180709,2.34999999243021,2.41899999243021,2.34999999243021,2.41799999243021,147136,44054316.0
20180710,2.4199999924302102,2.4279999924302103,2.39799999243021,2.42099999243021,119389,35990288.0
20180711,2.3949999924302103,2.3949999924302103,2.3469999924302103,2.3749999924302103,100019,29711432.0
20180712,2.37399999243021,2.4519999924302103,2.37399999243021,2.4399999924302103,102389,30951078.0
20180713,2.46299999243021,2.46299999243021,2.4359999924302103,2.44499999243021,82836,25240582.0
20180716,2.44699999243021,2.46099999243021,2.41699999243021,2.42999999243021,63161,19132704.0
20180717,2.42999999243021,2.42999999243021,2.38999999243021,2.41299999243021,89396,26934880.0
20180718,2.4119999924302102,2.44099999243021,2.40299999243021,2.40499999243021,59758,18058070.0
20180719,2.40699999243021,2.43299999243021,2.39199999243021,2.3999999924302102,99507,29957248.0
20180720,2.39699999243021,2.4839999924302103,2.38099999243021,2.47399999243021,148542,44960292.0
20180723,2.46699999243021,2.5119999924302103,2.4479999924302103,2.50299999243021,162958,50348908.0
20180724,2.51799999243021,2.56299999243021,2.5159999924302103,2.5489999924302102,285137,89978688.0
20180725,2.54799999243021,2.55499999243021,2.53399999243021,2.5449999924302102,243459,76688296.0
20180726,2.5449999924302102,2.56399999243021,2.5079999924302103,2.51699999243021,172888,54226848.0
20180727,2.51699999243021,2.52399999243021,2.49699999243021,2.50599999243021,96384,30016838.0
20180730,2.50499999243021,2.53999999243021,2.48899999243021,2.5119999924302103,121494,37906992.0
20180731,2.50999999243021,2.52699999243021,2.49499999243021,2.5159999924302103,82307,25615404.0
20180801,2.5199999924302103,2.54699999243021,2.45799999243021,2.45899999243021,194842,60820128.0
20180802,2.45499999243021,2.45499999243021,2.35799999243021,2.39399999243021,154564,46376884.0
20180803,2.39199999243021,2.4039999924302102,2.35699999243021,2.35799999243021,129525,38709300.0
20180806,2.35799999243021,2.38799999243021,2.32099999243021,2.33299999243021,209286,61897984.0
20180807,2.32999999243021,2.41499999243021,2.32599999243021,2.41399999243021,166291,49530528.0
20180808,2.41399999243021,2.41399999243021,2.37299999243021,2.37599999243021,79783,23909624.0
20180809,2.3749999924302103,2.44999999243021,2.36399999243021,2.43899999243021,165285,50020216.0
20180810,2.43899999243021,2.46099999243021,2.41899999243021,2.44099999243021,100143,30496804.0
20180813,2.4319999924302103,2.4319999924302103,2.37799999243021,2.42099999243021,104018,31240958.0
20180814,2.42099999243021,2.42499999243021,2.39299999243021,2.4079999924302102,57083,17186932.0
20180815,2.4079999924302102,2.4199999924302102,2.33799999243021,2.3429999924302103,97018,28824320.0
20180816,2.3269999924302103,2.36199999243021,2.2909999924302102,2.32799999243021,146024,42891476.0
20180817,2.3389999924302103,2.35599999243021,2.28499999243021,2.28999999243021,88417,25821316.0
20180820,2.29199999243021,2.32199999243021,2.27799999243021,2.32199999243021,171620,49848840.0
20180821,2.32899999243021,2.38099999243021,2.3269999924302103,2.37199999243021,173582,51394720.0
20180822,2.36899999243021,2.3749999924302103,2.3549999924302103,2.3629999924302103,114120,33860976.0
20180823,2.3629999924302103,2.3909999924302103,2.34899999243021,2.37699999243021,153275,45679496.0
20180824,2.37399999243021,2.41499999243021,2.35199999243021,2.38399999243021,153469,45744828.0
20180827,2.3959999924302102,2.44699999243021,2.3959999924302102,2.44699999243021,194190,58904184.0
20180828,2.44699999243021,2.45899999243021,2.4319999924302103,2.44099999243021,75358,22993684.0
20180829,2.44499999243021,2.44499999243021,2.4239999924302102,2.43099999243021,92693,28119360.0
20180830,2.43099999243021,2.44599999243021,2.40199999243021,2.4039999924302102,151220,45826592.0
20180831,2.39899999243021,2.41299999243021,2.3749999924302103,2.38499999243021,120798,36181488.0
20180903,2.37799999243021,2.38799999243021,2.3589999924302103,2.3829999924302103,113545,33810856.0
20180904,2.3829999924302103,2.4319999924302103,2.37199999243021,2.42099999243021,113060,34008536.0
20180905,2.4159999924302102,2.4159999924302102,2.36099999243021,2.36199999243021,122530,36709980.0
20180906,2.36199999243021,2.37599999243021,2.32999999243021,2.33999999243021,139081,41088656.0
20180907,2.34199999243021,2.38599999243021,2.3349999924302103,2.35699999243021,191936,56891228.0
20180910,2.3469999924302103,2.35999999243021,2.31999999243021,2.3229999924302103,108158,31762208.0
20180911,2.3229999924302103,2.33199999243021,2.29799999243021,2.31199999243021,104467,30504648.0
20180912,2.3109999924302103,2.3149999924302103,2.28899999243021,2.29599999243021,87177,25310442.0
20180913,2.32199999243021,2.33399999243021,2.2909999924302102,2.3269999924302103,149090,43489732.0
20180914,2.3349999924302103,2.34499999243021,2.3229999924302103,2.3309999924302103,94148,27655078.0
20180917,2.32799999243021,2.32799999243021,2.2989999924302102,2.30199999243021,73351,21371016.0
20180918,2.2949999924302102,2.36999999243021,2.2949999924302102,2.36899999243021,217095,63754604.0
20180919,2.35799999243021,2.4239999924302102,2.35399999243021,2.39699999243021,221437,66372316.0
20180920,2.3999999924302102,2.41699999243021,2.3909999924302103,2.40599999243021,150751,45336140.0
20180921,2.40499999243021,2.49399999243021,2.39799999243021,2.49299999243021,360944,110077024.0
20180925,2.4679999924302103,2.48099999243021,2.4559999924302103,2.46899999243021,138606,42571728.0
20180926,2.47299999243021,2.52999999243021,2.4719999924302103,2.5039999924302103,274268,85196480.0
20180927,2.4999999924302103,2.50699999243021,2.4839999924302103,2.4919999924302103,106973,33135438.0
20180928,2.4919999924302103,2.53599999243021,2.4919999924302103,2.52599999243021,132451,41356912.0
20181008,2.48899999243021,2.48999999243021,2.3909999924302103,2.39399999243021,224473,68104760.0
20181009,2.39399999243021,2.41299999243021,2.3829999924302103,2.3999999924302102,163979,49239548.0
20181010,2.39699999243021,2.4239999924302102,2.36999999243021,2.3949999924302103,172947,51890764.0
20181011,2.33399999243021,2.33399999243021,2.23199999243021,2.2499999924302103,352329,102152992.0
20181012,2.2499999924302103,2.31699999243021,2.23899999243021,2.30599999243021,204797,58947668.0
20181015,2.30499999243021,2.31199999243021,2.2619999924302103,2.26399999243021,102378,29587988.0
20181016,2.26399999243021,2.3069999924302103,2.2419999924302103,2.25199999243021,194884,56088032.0
20181017,2.28499999243021,2.28999999243021,2.2139999924302103,2.25899999243021,187728,53680824.0
20181018,2.25099999243021,2.25099999243021,2.19099999243021,2.19599999243021,234885,66277520.0
20181019,2.1819999924302103,2.27399999243021,2.15899999243021,2.26499999243021,261122,73805536.0
20181022,2.28899999243021,2.44699999243021,2.28899999243021,2.40099999243021,861694,258208480.0
20181023,2.40099999243021,2.41099999243021,2.29699999243021,2.31399999243021,571606,168677024.0
20181024,2.3069999924302103,2.38199999243021,2.3029999924302103,2.33399999243021,309117,90892584.0
20181025,2.28999999243021,2.33999999243021,2.2539999924302103,2.33599999243021,208976,60501836.0
20181026,2.3389999924302103,2.3549999924302103,2.2949999924302102,2.31599999243021,123226,36008304.0
20181029,2.30799999243021,2.31699999243021,2.2179999924302103,2.2339999924302103,290682,83292592.0
20181030,2.23499999243021,2.29999999243021,2.21699999243021,2.26699999243021,212881,60979976.0
20181031,2.27599999243021,2.3189999924302103,2.26399999243021,2.30099999243021,332121,96206208.0
20181101,2.32199999243021,2.36199999243021,2.3109999924302103,2.31299999243021,353362,103859456.0
20181102,2.3829999924302103,2.4159999924302102,2.35399999243021,2.41399999243021,462796,138305328.0
20181105,2.40999999243021,2.40999999243021,2.3549999924302103,2.38399999243021,277258,82602592.0
20181106,2.3669999924302103,2.38199999243021,2.3429999924302103,2.37199999243021,550131,162892176.0
20181107,2.37299999243021,2.3959999924302102,2.34999999243021,2.3509999924302103,246532,73289224.0
20181108,2.37199999243021,2.37999999243021,2.34199999243021,2.34799999243021,210960,62514428.0
20181109,2.33199999243021,2.33299999243021,2.2989999924302102,2.30099999243021,179461,52324740.0
20181112,2.29599999243021,2.3269999924302103,2.28599999243021,2.32599999243021,283258,82495200.0
20181113,2.30099999243021,2.36199999243021,2.2869999924302102,2.34799999243021,295946,86348968.0
20181114,2.34199999243021,2.34999999243021,2.31299999243021,2.31699999243021,147931,43409512.0
20181115,2.31699999243021,2.35599999243021,2.31699999243021,2.35599999243021,183372,53892808.0
20181116,2.35699999243021,2.38899999243021,2.33799999243021,2.36499999243021,160577,47715728.0
20181119,2.3589999924302103,2.39699999243021,2.3589999924302103,2.39699999243021,199022,59348540.0
20181120,2.38199999243021,2.3869999924302103,2.33399999243021,2.34399999243021,183819,54403528.0
20181121,2.3309999924302103,2.3469999924302103,2.31599999243021,2.34499999243021,134640,39517852.0
20181122,2.3469999924302103,2.34899999243021,2.31699999243021,2.32899999243021,112046,32849014.0
20181123,2.3229999924302103,2.32799999243021,2.26799999243021,2.26799999243021,224949,64982244.0
20181126,2.26699999243021,2.2989999924302102,2.25999999243021,2.2709999924302102,461637,133021584.0
20181127,2.27799999243021,2.29199999243021,2.2579999924302103,2.26899999243021,78047,22481376.0
20181128,2.26699999243021,2.3029999924302103,2.2619999924302103,2.3029999924302103,131025,37875820.0
20181129,2.31199999243021,2.32199999243021,2.27199999243021,2.27599999243021,133255,38743668.0
20181130,2.2749999924302102,2.30099999243021,2.26799999243021,2.29699999243021,137965,39844144.0
20181203,2.3669999924302103,2.38499999243021,2.34599999243021,2.3709999924302103,268799,79876624.0
20181204,2.3669999924302103,2.37999999243021,2.35699999243021,2.37599999243021,202124,60052048.0
20181205,2.3469999924302103,2.3789999924302103,2.33999999243021,2.36499999243021,147687,43799340.0
20181206,2.36399999243021,2.36399999243021,2.30899999243021,2.30999999243021,207479,60758016.0
20181207,2.3149999924302103,2.32199999243021,2.30599999243021,2.3069999924302103,175403,51122060.0
20181210,2.3029999924302103,2.3029999924302103,2.27399999243021,2.2829999924302102,168817,48775700.0
20181211,2.2829999924302102,2.29599999243021,2.28099999243021,2.2909999924302102,156999,45384636.0
20181212,2.2949999924302102,2.3109999924302103,2.29199999243021,2.29799999243021,148141,43051500.0
20181213,2.30099999243021,2.35299999243021,2.30099999243021,2.34199999243021,220311,64658228.0
20181214,2.34099999243021,2.34099999243021,2.29699999243021,2.30199999243021,93550,27280280.0
20181217,2.29699999243021,2.3029999924302103,2.27699999243021,2.3029999924302103,263956,76526296.0
20181218,2.29399999243021,2.30399999243021,2.2579999924302103,2.26899999243021,367670,106188264.0
20181219,2.27199999243021,2.27599999243021,2.23299999243021,2.23999999243021,308168,88180896.0
20181220,2.23899999243021,2.24099999243021,2.19099999243021,2.21099999243021,233736,65850556.0
20181221,2.20799999243021,2.20799999243021,2.16099999243021,2.17999999243021,291796,80950392.0
20181224,2.1779999924302103,2.1899999924302103,2.1619999924302102,2.1859999924302103,148264,41249908.0
20181225,2.15699999243021,2.17899999243021,2.11899999243021,2.16399999243021,207199,56910748.0
20181226,2.16499999243021,2.1739999924302102,2.1459999924302102,2.15299999243021,111783,30828666.0
20181227,2.1859999924302103,2.19199999243021,2.14299999243021,2.15199999243021,154884,42813572.0
20181228,2.15099999243021,2.17999999243021,2.14399999243021,2.16499999243021,207404,57351476.0
20190102,2.16799999243021,2.17299999243021,2.11599999243021,2.1249999924302103,165253,45244104.0
20190103,2.12299999243021,2.16099999243021,2.1169999924302103,2.12799999243021,140071,38418388.0
20190104,2.11799999243021,2.19899999243021,2.1089999924302103,2.1939999924302103,336768,93066864.0
20190107,2.19999999243021,2.2139999924302103,2.19099999243021,2.20299999243021,186133,52193640.0
20190108,2.20699999243021,2.20699999243021,2.1859999924302103,2.19299999243021,186678,52233392.0
20190109,2.19699999243021,2.25699999243021,2.19699999243021,2.2219999924302103,400946,113938656.0
20190110,2.22899999243021,2.23199999243021,2.20399999243021,2.2139999924302103,145658,41119064.0
20190111,2.2139999924302103,2.24299999243021,2.2139999924302103,2.23299999243021,236015,66776692.0
20190114,2.23499999243021,2.23599999243021,2.20799999243021,2.21199999243021,133557,37680336.0
20190115,2.2059999924302103,2.26499999243021,2.2059999924302103,2.26399999243021,298954,85104328.0
20190116,2.26499999243021,2.26699999243021,2.25099999243021,2.26399999243021,200815,57494004.0
20190117,2.26699999243021,2.28099999243021,2.24799999243021,2.24899999243021,241742,69297408.0
20190118,2.25199999243021,2.30999999243021,2.25199999243021,2.30399999243021,305133,88108960.0
20190121,2.3069999924302103,2.33199999243021,2.30499999243021,2.31299999243021,207365,60576800.0
20190122,2.31299999243021,2.31299999243021,2.27299999243021,2.27999999243021,192843,55841740.0
20190123,2.2789999924302102,2.29199999243021,2.26799999243021,2.27399999243021,147874,42604400.0
20190124,2.27399999243021,2.30199999243021,2.2619999924302103,2.2949999924302102,300088,86478176.0
20190125,2.29699999243021,2.33599999243021,2.29699999243021,2.31699999243021,121044,35387944.0
20190128,2.3229999924302103,2.3549999924302103,2.30499999243021,2.31399999243021,217310,63777088.0
20190129,2.31299999243021,2.33599999243021,2.28899999243021,2.32399999243021,276298,80621400.0
20190130,2.31799999243021,2.33299999243021,2.30799999243021,2.30999999243021,226035,66036532.0
20190131,2.31699999243021,2.35299999243021,2.31599999243021,2.34199999243021,262771,77165208.0
20190201,2.35699999243021,2.37299999243021,2.3389999924302103,2.37299999243021,209510,62025808.0
20190211,2.36599999243021,2.41099999243021,2.3629999924302103,2.40699999243021,228106,68238248.0
20190212,2.40699999243021,2.42999999243021,2.39799999243021,2.4239999924302102,203312,61414176.0
20190213,2.4279999924302103,2.49699999243021,2.41799999243021,2.48499999243021,298520,91137952.0
20190214,2.4799999924302103,2.49399999243021,2.46899999243021,2.47899999243021,161788,49871856.0
20190215,2.4679999924302103,2.4759999924302103,2.42099999243021,2.42999999243021,232279,70770840.0
20190218,2.44299999243021,2.5119999924302103,2.44299999243021,2.50999999243021,213859,66053548.0
20190219,2.51299999243021,2.5449999924302102,2.4919999924302103,2.5079999924302103,284231,88739944.0
20190220,2.5119999924302103,2.52699999243021,2.4919999924302103,2.5119999924302103,171417,53376928.0
20190221,2.51099999243021,2.5569999924302103,2.49699999243021,2.51099999243021,272387,85114336.0
20190222,2.51499999243021,2.5849999924302103,2.4879999924302103,2.58299999243021,216233,67626168.0
20190225,2.6089999924302103,2.8469999924302103,2.6089999924302103,2.8229999924302103,392454,128819584.0
20190226,2.81199999243021,2.81199999243021,2.71999999243021,2.7339999924302103,275314,92795360.0
20190227,2.7339999924302103,2.78599999243021,2.69299999243021,2.73299999243021,246145,82501944.0
20190228,2.72899999243021,2.74099999243021,2.70499999243021,2.71599999243021,176334,58619152.0
20190301,2.72699999243021,2.7989999924302102,2.71299999243021,2.79699999243021,309654,103839376.0
20190304,2.81199999243021,2.90599999243021,2.79699999243021,2.81399999243021,417543,143877712.0
20190305,2.8069999924302103,2.82099999243021,2.78499999243021,2.8149999924302103,200039,68118040.0
20190306,2.81699999243021,2.8629999924302103,2.79199999243021,2.84999999243021,321690,110253960.0
20190307,2.84599999243021,2.85699999243021,2.79799999243021,2.82099999243021,239335,82054432.0
20190308,2.78199999243021,2.78199999243021,2.68099999243021,2.68499999243021,262202,87339136.0
20190311,2.67199999243021,2.73299999243021,2.67199999243021,2.73199999243021,222489,73563504.0
20190312,2.73699999243021,2.79699999243021,2.7259999924302103,2.7499999924302103,357176,120308464.0
20190313,2.74799999243021,2.7709999924302102,2.71699999243021,2.73599999243021,236070,78956728.0
20190314,2.72699999243021,2.75599999243021,2.6979999924302103,2.71299999243021,266804,88884824.0
20190315,2.7219999924302103,2.78599999243021,2.7219999924302103,2.75199999243021,220950,73974408.0
20190318,2.74699999243021,2.84799999243021,2.7419999924302103,2.83999999243021,243846,82865632.0
20190319,2.84099999243021,2.85999999243021,2.80899999243021,2.81699999243021,177247,60880092.0
20190320,2.81699999243021,2.84399999243021,2.78499999243021,2.8269999924302103,311052,106261592.0
20190321,2.82599999243021,2.84999999243021,2.81699999243021,2.82899999243021,173687,59651628.0
20190322,2.82999999243021,2.83399999243021,2.7829999924302102,2.81699999243021,185020,63110100.0
20190325,2.78199999243021,2.79599999243021,2.7379999924302103,2.73899999243021,216265,73026400.0
20190326,2.75899999243021,2.76499999243021,2.69499999243021,2.70699999243021,174478,58074448.0
20190327,2.71599999243021,2.75199999243021,2.71599999243021,2.7379999924302103,183664,61222424.0
20190328,2.72299999243021,2.74099999243021,2.7059999924302103,2.72399999243021,124794,41502424.0
20190329,2.72399999243021,2.86499999243021,2.72399999243021,2.85799999243021,304616,103862008.0
20190401,2.86499999243021,2.94299999243021,2.86499999243021,2.9359999924302103,268996,94928928.0
20190402,2.95499999243021,2.95699999243021,2.92199999243021,2.93499999243021,176187,62431540.0
20190403,2.92499999243021,2.99499999243021,2.90899999243021,2.99399999243021,217568,77345136.0
20190404,2.99299999243021,3.03499999243021,2.9879999924302103,3.0329999924302102,243087,88013536.0
20190408,3.03799999243021,3.08199999243021,2.98999999243021,3.0209999924302102,196292,71303480.0
20190409,3.03499999243021,3.0449999924302102,2.99799999243021,3.02699999243021,227004,82352224.0
20190410,3.02599999243021,3.0649999924302103,2.99099999243021,3.0369999924302102,205831,74459640.0
20190411,3.0369999924302102,3.0529999924302103,2.96699999243021,2.97399999243021,192112,69371304.0
20190412,2.96699999243021,2.98199999243021,2.9479999924302103,2.96999999243021,159601,56941088.0
20190415,3.0119999924302103,3.04399999243021,2.95299999243021,2.95799999243021,197030,71434664.0
20190416,2.94699999243021,3.0569999924302103,2.93099999243021,3.05599999243021,273377,98160040.0
20190417,3.04599999243021,3.06799999243021,3.02699999243021,3.05499999243021,238132,86988344.0
20190418,3.05399999243021,3.06399999243021,3.0289999924302102,3.0409999924302102,194202,70908032.0
20190419,3.0409999924302102,3.08699999243021,3.01799999243021,3.07799999243021,192236,70366912.0
20190422,3.0889999924302103,3.08999999243021,2.98999999243021,2.99799999243021,214295,78326192.0
20190423,2.99799999243021,3.03599999243021,2.98599999243021,2.99699999243021,135454,48843780.0
20190424,3.00499999243021,3.01799999243021,2.94899999243021,2.99899999243021,225328,80937144.0
20190425,2.98699999243021,2.99299999243021,2.92699999243021,2.93299999243021,205234,73327072.0
20190426,2.9199999924302102,2.93699999243021,2.88499999243021,2.8909999924302103,254154,89392016.0
20190429,2.88799999243021,2.94999999243021,2.88399999243021,2.9119999924302102,213007,74900880.0
20190430,2.91099999243021,2.9279999924302103,2.89799999243021,2.91799999243021,136079,47857368.0
20190506,2.8669999924302103,2.8669999924302103,2.69199999243021,2.72899999243021,357578,120070864.0
20190507,2.7339999924302103,2.7709999924302102,2.71499999243021,2.7539999924302103,215847,72209464.0
20190508,2.71699999243021,2.74699999243021,2.68799999243021,2.69899999243021,213925,71008576.0
20190509,2.68799999243021,2.68799999243021,2.62399999243021,2.64199999243021,171757,55994832.0
20190510,2.67699999243021,2.75999999243021,2.63099999243021,2.74799999243021,264014,87474232.0
20190513,2.7299999924302103,2.7299999924302103,2.68699999243021,2.6979999924302103,147608,48867148.0
20190514,2.6779999924302103,2.70699999243021,2.6619999924302102,2.67199999243021,132044,43440276.0
20190515,2.6819999924302103,2.75899999243021,2.6819999924302103,2.74099999243021,128030,42590800.0
20190516,2.74099999243021,2.7619999924302103,2.72699999243021,2.75599999243021,88635,29659706.0
20190517,2.76799999243021,2.76799999243021,2.67699999243021,2.68399999243021,109212,36181440.0
20190520,2.68399999243021,2.69499999243021,2.62999999243021,2.6619999924302102,184964,60259876.0
20190521,2.6739999924302102,2.71899999243021,2.6539999924302102,2.6899999924302103,179939,59257324.0
20190522,2.68899999243021,2.69999999243021,2.66899999243021,2.67999999243021,109089,35833436.0
20190523,2.67699999243021,2.6779999924302103,2.63799999243021,2.64199999243021,132329,43080192.0
20190524,2.6369999924302103,2.67699999243021,2.6369999924302103,2.64899999243021,116753,38029308.0
20190527,2.6499999924302102,2.6939999924302103,2.61399999243021,2.68099999243021,250569,81507336.0
20190528,2.67499999243021,2.72499999243021,2.67499999243021,2.6939999924302103,216000,71472816.0
20190529,2.68699999243021,2.74099999243021,2.68299999243021,2.71499999243021,160292,53046116.0
20190530,2.71099999243021,2.71099999243021,2.67499999243021,2.70299999243021,94717,31202298.0
20190531,2.69999999243021,2.72699999243021,2.68399999243021,2.69499999243021,157520,52106580.0
20190603,2.69299999243021,2.73099999243021,2.67499999243021,2.6979999924302103,208363,68797640.0
20190604,2.69199999243021,2.70499999243021,2.65999999243021,2.66799999243021,115526,37869536.0
20190605,2.68399999243021,2.7019999924302103,2.66399999243021,2.67099999243021,120092,39501244.0
20190606,2.6699999924302102,2.68099999243021,2.6409999924302103,2.64399999243021,213442,69596840.0
20190610,2.64799999243021,2.6979999924302103,2.64799999243021,2.68099999243021,164144,53836800.0
20190611,2.68399999243021,2.78399999243021,2.68399999243021,2.77599999243021,225811,75663552.0
20190612,2.77699999243021,2.77999999243021,2.74699999243021,2.75599999243021,151141,50809204.0
20190613,2.7539999924302103,2.76899999243021,2.72699999243021,2.75999999243021,220752,74056544.0
20190614,2.76699999243021,2.7749999924302102,2.7339999924302103,2.73599999243021,195837,65792692.0
20190617,2.72899999243021,2.7659999924302103,2.72899999243021,2.74099999243021,173551,58156756.0
20190618,2.74699999243021,2.75999999243021,2.72699999243021,2.75199999243021,197621,66162392.0
20190619,2.81799999243021,2.85399999243021,2.79999999243021,2.80499999243021,204161,69988000.0
20190620,2.8069999924302103,2.9319999924302103,2.80499999243021,2.91099999243021,475795,165365088.0
20190621,2.9159999924302102,2.9359999924302103,2.8999999924302102,2.92199999243021,201422,70876920.0
20190624,2.92599999243021,2.9319999924302103,2.90199999243021,2.92499999243021,120116,42317632.0
20190625,2.92599999243021,2.92699999243021,2.84799999243021,2.88799999243021,144237,50142128.0
20190626,2.8629999924302103,2.8959999924302102,2.8629999924302103,2.88499999243021,118617,41321632.0
20190627,2.88599999243021,2.93799999243021,2.88599999243021,2.91899999243021,229621,80825896.0
20190628,2.9199999924302102,2.9199999924302102,2.88899999243021,2.91399999243021,227093,79596712.0
20190701,2.96199999243021,3.00299999243021,2.96199999243021,2.9919999924302103,286131,102647304.0
20190702,2.9919999924302103,2.99499999243021,2.97099999243021,2.9879999924302103,141798,50826724.0
20190703,2.97799999243021,2.97799999243021,2.94299999243021,2.95799999243021,200995,71651616.0
20190704,2.96199999243021,2.9679999924302103,2.92099999243021,2.93399999243021,274128,97353208.0
20190705,2.9359999924302103,2.9559999924302103,2.9239999924302102,2.95099999243021,165863,58784676.0
20190708,2.94699999243021,2.94699999243021,2.83799999243021,2.86399999243021,219956,76637376.0
20190709,2.86099999243021,2.87799999243021,2.84199999243021,2.85599999243021,196844,68116344.0
20190710,2.8589999924302103,2.87699999243021,2.84899999243021,2.8549999924302103,174119,60281520.0
20190711,2.86499999243021,2.89899999243021,2.84599999243021,2.8589999924302103,228563,79520736.0
20190712,2.8589999924302103,2.89399999243021,2.8549999924302103,2.8829999924302103,208613,72592816.0
20190715,2.87799999243021,2.91499999243021,2.82499999243021,2.8909999924302103,307449,106411688.0
20190716,2.88199999243021,2.89799999243021,2.87199999243021,2.8789999924302103,143049,49857508.0
20190717,2.86799999243021,2.8869999924302103,2.85699999243021,2.86799999243021,165519,57540360.0
20190718,2.86099999243021,2.8669999924302103,2.84799999243021,2.85199999243021,234618,81172936.0
20190719,2.86099999243021,2.90899999243021,2.8589999924302103,2.88599999243021,254608,88879160.0
20190722,2.89399999243021,2.8959999924302102,2.8429999924302103,2.86099999243021,241442,83873048.0
20190723,2.85999999243021,2.87399999243021,2.8549999924302103,2.86899999243021,227451,78862576.0
20190724,2.87399999243021,2.92099999243021,2.87399999243021,2.89699999243021,220638,77340064.0
20190725,2.90099999243021,2.92499999243021,2.8909999924302103,2.9239999924302102,199485,70030136.0
20190726,2.90999999243021,2.94099999243021,2.90999999243021,2.93499999243021,241838,85323008.0
20190729,2.93699999243021,2.93699999243021,2.9159999924302102,2.92699999243021,190940,67337200.0
20190730,2.9279999924302103,2.96099999243021,2.9279999924302103,2.9399999924302103,175782,62390268.0
20190731,2.94099999243021,2.94099999243021,2.90599999243021,2.91499999243021,173252,60951608.0
20190801,2.90699999243021,2.90699999243021,2.87199999243021,2.87799999243021,203303,70956968.0
20190802,2.85599999243021,2.85599999243021,2.8069999924302103,2.83299999243021,215556,73859768.0
20190805,2.8189999924302103,2.8189999924302103,2.76399999243021,2.76699999243021,238922,81235464.0
20190806,2.7299999924302103,2.73699999243021,2.6819999924302103,2.72899999243021,394909,131015408.0
20190807,2.72899999243021,2.7419999924302103,2.7139999924302103,2.71699999243021,210529,70204384.0
20190808,2.72299999243021,2.76499999243021,2.72299999243021,2.75499999243021,162994,54703444.0
20190809,2.76899999243021,2.77299999243021,2.73099999243021,2.73899999243021,193117,64755252.0
20190812,2.7419999924302103,2.79399999243021,2.7419999924302103,2.79299999243021,133523,44950664.0
20190813,2.76899999243021,2.77299999243021,2.75599999243021,2.7619999924302103,171024,57569812.0
20190814,2.79199999243021,2.8029999924302103,2.77199999243021,2.77299999243021,196895,66778336.0
20190815,2.73699999243021,2.78599999243021,2.7179999924302103,2.7789999924302102,263448,88386256.0
20190816,2.77799999243021,2.82199999243021,2.77599999243021,2.79599999243021,299280,101805384.0
20190819,2.8069999924302103,2.87199999243021,2.80599999243021,2.86799999243021,275445,94828048.0
20190820,2.87199999243021,2.8749999924302103,2.8589999924302103,2.86199999243021,196109,68029352.0
20190821,2.85699999243021,2.86599999243021,2.8549999924302103,2.86199999243021,193740,67124760.0
20190822,2.86399999243021,2.86999999243021,2.84799999243021,2.8669999924302103,229365,79392328.0
20190823,2.8749999924302103,2.9079999924302102,2.86199999243021,2.89799999243021,249076,87081440.0
20190826,2.86399999243021,2.86399999243021,2.83999999243021,2.84899999243021,239614,82786048.0
20190827,2.8669999924302103,2.91899999243021,2.8669999924302103,2.8909999924302103,292234,102223088.0
20190828,2.88499999243021,2.89299999243021,2.8629999924302103,2.86399999243021,213521,74269752.0
20190829,2.86799999243021,2.87199999243021,2.83799999243021,2.85599999243021,226438,78297896.0
20190830,2.87299999243021,2.88999999243021,2.8429999924302103,2.8629999924302103,211593,73472552.0
20190902,2.86399999243021,2.91699999243021,2.85699999243021,2.89899999243021,259103,90489056.0
20190903,2.89899999243021,2.90699999243021,2.8829999924302103,2.89699999243021,206850,72313048.0
20190904,2.89899999243021,2.9359999924302103,2.8949999924302103,2.93399999243021,261443,91999408.0
20190905,2.94599999243021,3.01699999243021,2.94599999243021,2.97099999243021,281802,101197792.0
20190906,2.98199999243021,2.99899999243021,2.97299999243021,2.9959999924302103,210386,75510336.0
20190909,3.02299999243021,3.03099999243021,3.00299999243021,3.00999999243021,238936,86433728.0
20190910,3.0079999924302103,3.0159999924302103,2.9799999924302103,2.99699999243021,168510,60574960.0
20190911,3.00499999243021,3.01299999243021,2.97699999243021,2.98299999243021,224019,80440160.0
20190912,2.98499999243021,3.0249999924302102,2.9839999924302103,3.0209999924302102,164173,59217904.0
20190916,3.02299999243021,3.0289999924302102,2.99399999243021,3.00699999243021,259955,93973520.0
20190917,3.0039999924302103,3.00499999243021,2.93499999243021,2.94999999243021,213242,76199800.0
20190918,2.94899999243021,2.98099999243021,2.94899999243021,2.96299999243021,164759,58836040.0
20190919,2.96599999243021,2.97299999243021,2.94999999243021,2.9719999924302103,304086,108363488.0
20190920,2.96999999243021,2.98999999243021,2.96999999243021,2.98599999243021,212016,75955768.0
20190923,2.9759999924302103,2.9759999924302103,2.92599999243021,2.94099999243021,300188,106226056.0
20190924,2.94199999243021,2.97399999243021,2.93799999243021,2.94499999243021,221659,78823600.0
20190925,2.93699999243021,2.94499999243021,2.92499999243021,2.92499999243021,189299,66941896.0
20190926,2.92999999243021,2.95099999243021,2.9079999924302102,2.9079999924302102,213350,75379168.0
20190927,2.90499999243021,2.92099999243021,2.9039999924302102,2.91699999243021,197477,69435080.0
20190930,2.9159999924302102,2.91699999243021,2.86999999243021,2.87799999243021,328671,114979000.0
20191008,2.87799999243021,2.91899999243021,2.87699999243021,2.8959999924302102,191356,67087964.0
20191009,2.88399999243021,2.91099999243021,2.86799999243021,2.90599999243021,199611,69798800.0
20191010,2.90499999243021,2.93399999243021,2.8909999924302103,2.92899999243021,195544,68730104.0
20191011,2.93799999243021,2.97899999243021,2.9239999924302102,2.96699999243021,276695,98457056.0
20191014,2.9919999924302103,3.0329999924302102,2.9879999924302103,2.9999999924302103,281423,101632808.0
20191015,2.99699999243021,3.0039999924302103,2.98699999243021,2.99099999243021,173827,62528284.0
20191016,2.99299999243021,3.02199999243021,2.97299999243021,2.97799999243021,239721,86171280.0
20191017,2.97799999243021,2.99299999243021,2.96899999243021,2.97899999243021,179967,64512112.0
20191018,2.98999999243021,2.99899999243021,2.9159999924302102,2.9239999924302102,269927,96245200.0
20191021,2.9199999924302102,2.92999999243021,2.90499999243021,2.92599999243021,229599,80897184.0
20191022,2.9279999924302103,2.9479999924302103,2.9159999924302102,2.9359999924302103,254251,89712176.0
20191023,2.92599999243021,2.9399999924302103,2.90599999243021,2.91299999243021,195578,69038744.0
20191024,2.91399999243021,2.93499999243021,2.89699999243021,2.9119999924302102,186073,65454836.0
20191025,2.90699999243021,2.9359999924302103,2.8869999924302103,2.92699999243021,226514,79606712.0
20191028,2.9319999924302103,2.95799999243021,2.93099999243021,2.95799999243021,242589,86070512.0
20191029,2.9479999924302103,2.9519999924302103,2.93099999243021,2.9319999924302103,195030,69131248.0
20191030,2.92899999243021,2.9319999924302103,2.90899999243021,2.91699999243021,191872,67515648.0
20191031,2.9199999924302102,2.93099999243021,2.9039999924302102,2.91799999243021,152755,53785088.0
20191101,2.91799999243021,2.9679999924302103,2.9039999924302102,2.96599999243021,204173,72274360.0
20191104,2.96599999243021,2.9919999924302103,2.96599999243021,2.98699999243021,189719,68052408.0
20191105,2.98699999243021,3.0369999924302102,2.97699999243021,3.0039999924302103,230020,83130296.0
20191106,3.00499999243021,3.01399999243021,2.98499999243021,2.99499999243021,216904,78297408.0
20191107,3.00099999243021,3.01699999243021,2.98199999243021,2.99799999243021,186814,67198472.0
20191108,3.01499999243021,3.02699999243021,2.9759999924302103,2.98199999243021,183650,66123584.0
20191111,2.97699999243021,2.97699999243021,2.91699999243021,2.9199999924302102,213212,75474728.0
20191112,2.9199999924302102,2.9319999924302103,2.89799999243021,2.92099999243021,204078,71734472.0
20191113,2.92499999243021,2.92599999243021,2.90199999243021,2.91899999243021,209123,73486864.0
20191114,2.91899999243021,2.9279999924302103,2.91099999243021,2.91699999243021,162277,57151560.0
20191115,2.92699999243021,2.9279999924302103,2.8949999924302103,2.90199999243021,201969,71017296.0
20191118,2.90199999243021,2.93299999243021,2.89399999243021,2.92599999243021,210844,74254128.0
20191119,2.936999989748001,2.951999989748001,2.917999989748001,2.951999989748001,243678,83363104.0
20191120,2.951999989748001,2.951999989748001,2.9109999897480012,2.919999989748001,195063,66598064.0
20191121,2.9149999897480012,2.9149999897480012,2.887999989748001,2.903999989748001,209876,71046768.0
20191122,2.908999989748001,2.924999989748001,2.8619999897480013,2.874999989748001,246528,83098568.0
20191125,2.880999989748001,2.902999989748001,2.875999989748001,2.899999989748001,226883,76521808.0
20191126,2.901999989748001,2.919999989748001,2.894999989748001,2.908999989748001,196911,66795172.0
20191127,2.9069999897480012,2.915999989748001,2.890999989748001,2.900999989748001,185013,62713500.0
20191128,2.900999989748001,2.912999989748001,2.880999989748001,2.887999989748001,212523,71731720.0
20191129,2.886999989748001,2.887999989748001,2.840999989748001,2.851999989748001,235352,78789008.0
20191202,2.851999989748001,2.875999989748001,2.850999989748001,2.859999989748001,217279,72739456.0
20191203,2.8539999897480013,2.868999989748001,2.8379999897480013,2.866999989748001,232609,77706376.0
20191204,2.864999989748001,2.866999989748001,2.846999989748001,2.862999989748001,199864,66789740.0
20191205,2.8659999897480013,2.890999989748001,2.8659999897480013,2.887999989748001,240391,80808136.0
20191206,2.8859999897480013,2.903999989748001,2.884999989748001,2.901999989748001,188175,63520756.0
20191209,2.904999989748001,2.909999989748001,2.890999989748001,2.901999989748001,196953,66600144.0
20191210,2.901999989748001,2.907999989748001,2.890999989748001,2.904999989748001,196849,66582980.0
20191211,2.905999989748001,2.9189999897480012,2.898999989748001,2.911999989748001,218481,74137256.0
20191212,2.9109999897480012,2.9189999897480012,2.903999989748001,2.907999989748001,228641,77579872.0
20191213,2.921999989748001,2.976999989748001,2.921999989748001,2.9709999897480013,286156,98304784.0
20191216,2.9709999897480013,2.976999989748001,2.9549999897480013,2.973999989748001,205809,70991760.0
20191217,2.972999989748001,3.0479999897480012,2.972999989748001,3.018999989748001,272510,95028400.0
20191218,3.023999989748001,3.0319999897480012,3.003999989748001,3.005999989748001,234619,82264632.0
20191219,3.0109999897480013,3.013999989748001,2.9909999897480013,3.003999989748001,197493,68818912.0
20191220,3.004999989748001,3.021999989748001,2.991999989748001,2.996999989748001,225319,78659888.0
20191223,2.9949999897480013,3.0069999897480013,2.948999989748001,2.951999989748001,284488,98480736.0
20191224,2.9669999897480013,2.976999989748001,2.952999989748001,2.976999989748001,206569,71223112.0
20191225,2.9749999897480013,2.979999989748001,2.957999989748001,2.9749999897480013,263552,90979352.0
20191226,2.9749999897480013,2.9989999897480013,2.967999989748001,2.996999989748001,241316,83590688.0
20191227,2.997999989748001,3.040999989748001,2.997999989748001,3.005999989748001,306505,107387632.0
20191230,3.001999989748001,3.060999989748001,2.9909999897480013,3.052999989748001,253267,88974168.0
20191231,3.0519999897480012,3.065999989748001,3.038999989748001,3.062999989748001,188055,66461992.0
20200102,3.078999989748001,3.126999989748001,3.078999989748001,3.105999989748001,276453,99203648.0
20200103,3.1079999897480013,3.109999989748001,3.084999989748001,3.0879999897480013,178970,64064032.0
20200106,3.085999989748001,3.108999989748001,3.048999989748001,3.070999989748001,243683,86884832.0
20200107,3.073999989748001,3.098999989748001,3.070999989748001,3.090999989748001,282984,100903304.0
20200108,3.084999989748001,3.084999989748001,3.037999989748001,3.0479999897480012,250648,88797240.0
20200109,3.064999989748001,3.088999989748001,3.064999989748001,3.085999989748001,265554,94524504.0
20200110,3.088999989748001,3.0999999897480013,3.077999989748001,3.098999989748001,232558,83004008.0
20200113,3.089999989748001,3.124999989748001,3.069999989748001,3.124999989748001,228335,81620280.0
20200114,3.125999989748001,3.136999989748001,3.101999989748001,3.1079999897480013,216621,78077280.0
20200115,3.1119999897480013,3.1119999897480013,3.0719999897480013,3.074999989748001,240399,85757960.0
20200116,3.082999989748001,3.086999989748001,3.0559999897480012,3.0679999897480013,239984,85285496.0
20200117,3.0719999897480013,3.094999989748001,3.0639999897480013,3.077999989748001,177784,63258692.0
20200120,3.077999989748001,3.101999989748001,3.0759999897480013,3.100999989748001,215669,77013584.0
20200121,3.086999989748001,3.086999989748001,3.033999989748001,3.036999989748001,242695,85658488.0
20200122,3.032999989748001,3.0599999897480012,2.976999989748001,3.0479999897480012,193510,67733640.0
20200123,3.011999989748001,3.019999989748001,2.912999989748001,2.9509999897480013,263133,90815536.0
20200203,2.617999989748001,2.710999989748001,2.617999989748001,2.6319999897480013,356973,112841144.0
20200204,2.641999989748001,2.762999989748001,2.641999989748001,2.7569999897480013,369596,118528176.0
20200205,2.762999989748001,2.810999989748001,2.741999989748001,2.795999989748001,265147,86480616.0
20200206,2.795999989748001,2.8619999897480013,2.778999989748001,2.838999989748001,210056,69249256.0
20200207,2.830999989748001,2.8459999897480013,2.803999989748001,2.844999989748001,323223,106817472.0
20200210,2.816999989748001,2.846999989748001,2.8099999897480012,2.843999989748001,235055,77946976.0
20200211,2.846999989748001,2.890999989748001,2.846999989748001,2.882999989748001,232015,77983048.0
20200212,2.8819999897480013,2.903999989748001,2.8659999897480013,2.901999989748001,174484,58805536.0
20200213,2.891999989748001,2.916999989748001,2.876999989748001,2.887999989748001,206959,69900808.0
20200214,2.887999989748001,2.913999989748001,2.876999989748001,2.9069999897480012,183011,61845492.0
20200217,2.908999989748001,2.979999989748001,2.908999989748001,2.977999989748001,231099,79259464.0
20200218,2.971999989748001,2.977999989748001,2.939999989748001,2.9589999897480013,189987,65352384.0
20200219,2.947999989748001,2.9789999897480013,2.943999989748001,2.955999989748001,179480,61855052.0
20200220,2.9549999897480013,3.0359999897480012,2.945999989748001,3.025999989748001,195441,67800032.0
20200221,3.027999989748001,3.0519999897480012,3.001999989748001,3.018999989748001,161727,56650468.0
20200224,3.0149999897480013,3.0149999897480013,2.965999989748001,2.9829999897480013,180856,62767892.0
20200225,2.956999989748001,2.9709999897480013,2.897999989748001,2.965999989748001,178771,61349388.0
20200226,2.936999989748001,2.977999989748001,2.912999989748001,2.941999989748001,248745,85201728.0
20200227,2.9309999897480012,2.972999989748001,2.9309999897480012,2.947999989748001,149451,51399792.0
20200228,2.916999989748001,2.916999989748001,2.828999989748001,2.839999989748001,162209,54440424.0
20200302,2.8619999897480013,2.969999989748001,2.860999989748001,2.945999989748001,233728,79528136.0
20200303,2.971999989748001,3.005999989748001,2.949999989748001,2.964999989748001,160801,55709568.0
20200304,2.9589999897480013,2.989999989748001,2.947999989748001,2.987999989748001,124292,42905004.0
20200305,3.0029999897480013,3.076999989748001,2.997999989748001,3.070999989748001,201584,71018352.0
20200306,3.046999989748001,3.046999989748001,3.0029999897480013,3.008999989748001,131265,45969536.0
20200309,2.976999989748001,2.976999989748001,2.8819999897480013,2.896999989748001,260677,88469648.0
20200310,2.886999989748001,2.973999989748001,2.8699999897480013,2.9669999897480013,203295,69438536.0
20200311,2.975999989748001,2.975999989748001,2.916999989748001,2.917999989748001,165682,56782472.0
20200312,2.897999989748001,2.897999989748001,2.8459999897480013,2.862999989748001,168954,56551044.0
20200313,2.786999989748001,2.8579999897480013,2.701999989748001,2.827999989748001,179065,58291624.0
20200316,2.816999989748001,2.831999989748001,2.683999989748001,2.6929999897480013,205280,66270652.0
20200317,2.695999989748001,2.7529999897480013,2.616999989748001,2.6889999897480013,161887,51185856.0
20200318,2.691999989748001,2.731999989748001,2.617999989748001,2.626999989748001,175375,55537188.0
20200319,2.621999989748001,2.6319999897480013,2.505999989748001,2.577999989748001,216683,66362092.0
20200320,2.5879999897480013,2.6359999897480013,2.573999989748001,2.633999989748001,146852,45390824.0
20200323,2.596999989748001,2.596999989748001,2.527999989748001,2.545999989748001,229900,69775496.0
20200324,2.584999989748001,2.628999989748001,2.5639999897480013,2.617999989748001,268116,82772648.0
20200325,2.6729999897480012,2.701999989748001,2.663999989748001,2.6849999897480012,225720,71522640.0
20200326,2.675999989748001,2.7049999897480013,2.652999989748001,2.674999989748001,226966,71871384.0
20200327,2.701999989748001,2.735999989748001,2.6929999897480013,2.695999989748001,194132,61963904.0
20200330,2.665999989748001,2.682999989748001,2.6399999897480013,2.674999989748001,227160,71359240.0
20200331,2.693999989748001,2.7049999897480013,2.662999989748001,2.670999989748001,213469,67578416.0
20200401,2.670999989748001,2.709999989748001,2.654999989748001,2.6609999897480012,251918,79643952.0
20200402,2.648999989748001,2.710999989748001,2.640999989748001,2.7089999897480013,232247,73234952.0
20200403,2.703999989748001,2.703999989748001,2.6729999897480012,2.686999989748001,181552,57640332.0
20200407,2.7369999897480013,2.758999989748001,2.7369999897480013,2.746999989748001,257432,83176152.0
20200408,2.739999989748001,2.747999989748001,2.7249999897480013,2.7369999897480013,240535,77415704.0
20200409,2.741999989748001,2.7569999897480013,2.739999989748001,2.7449999897480013,194955,62981380.0
20200410,2.742999989748001,2.773999989748001,2.721999989748001,2.729999989748001,294145,94888600.0
20200413,2.7329999897480013,2.7329999897480013,2.7089999897480013,2.7129999897480013,167668,53645816.0
20200414,2.7209999897480013,2.767999989748001,2.7209999897480013,2.766999989748001,243943,78837288.0
20200415,2.767999989748001,2.773999989748001,2.747999989748001,2.747999989748001,123941,40175572.0
20200416,2.739999989748001,2.761999989748001,2.7289999897480013,2.758999989748001,151300,48856024.0
20200417,2.765999989748001,2.810999989748001,2.765999989748001,2.788999989748001,208543,68357760.0
20200420,2.795999989748001,2.806999989748001,2.777999989748001,2.799999989748001,181188,59254668.0
20200421,2.792999989748001,2.792999989748001,2.737999989748001,2.763999989748001,185142,60030676.0
20200422,2.7409999897480013,2.784999989748001,2.7409999897480013,2.7819999897480012,204013,66337524.0
20200423,2.783999989748001,2.798999989748001,2.770999989748001,2.779999989748001,166680,54480024.0
20200424,2.773999989748001,2.773999989748001,2.739999989748001,2.750999989748001,216320,70003048.0
20200427,2.750999989748001,2.784999989748001,2.745999989748001,2.762999989748001,197498,64112428.0
20200428,2.762999989748001,2.795999989748001,2.730999989748001,2.787999989748001,301063,97954600.0
20200429,2.784999989748001,2.8099999897480012,2.770999989748001,2.7979999897480012,184551,60458884.0
20200430,2.804999989748001,2.852999989748001,2.804999989748001,2.844999989748001,166629,55345444.0
20200506,2.824999989748001,2.8579999897480013,2.795999989748001,2.8579999897480013,154760,51141640.0
20200507,2.860999989748001,2.860999989748001,2.8299999897480013,2.836999989748001,151434,50274900.0
20200508,2.843999989748001,2.8819999897480013,2.843999989748001,2.870999989748001,125783,42141624.0
20200511,2.870999989748001,2.900999989748001,2.860999989748001,2.874999989748001,133652,44997932.0
20200512,2.872999989748001,2.876999989748001,2.843999989748001,2.859999989748001,174736,58445992.0
20200513,2.855999989748001,2.868999989748001,2.8379999897480013,2.867999989748001,128223,42717220.0
20200514,2.855999989748001,2.855999989748001,2.8299999897480013,2.8299999897480013,130344,43298228.0
20200515,2.8339999897480013,2.850999989748001,2.8179999897480013,2.819999989748001,140597,46618236.0
20200518,2.818999989748001,2.852999989748001,2.812999989748001,2.8379999897480013,189517,62824856.0
20200519,2.8499999897480013,2.874999989748001,2.8499999897480013,2.859999989748001,140077,46850620.0
20200520,2.855999989748001,2.860999989748001,2.844999989748001,2.8499999897480013,198075,66055288.0
20200521,2.852999989748001,2.863999989748001,2.828999989748001,2.831999989748001,120361,40078868.0
20200522,2.826999989748001,2.826999989748001,2.754999989748001,2.755999989748001,258939,84587872.0
20200525,2.753999989748001,2.768999989748001,2.742999989748001,2.7649999897480013,254057,82372952.0
20200526,2.768999989748001,2.795999989748001,2.768999989748001,2.795999989748001,245278,80129728.0
20200527,2.7979999897480012,2.7979999897480012,2.778999989748001,2.786999989748001,213085,69662192.0
20200528,2.788999989748001,2.822999989748001,2.7649999897480013,2.792999989748001,326045,106948728.0
20200529,2.783999989748001,2.802999989748001,2.766999989748001,2.794999989748001,338190,110700688.0
20200601,2.8139999897480013,2.879999989748001,2.8139999897480013,2.872999989748001,225920,75490800.0
20200602,2.872999989748001,2.893999989748001,2.867999989748001,2.882999989748001,200976,67587128.0
20200603,2.888999989748001,2.925999989748001,2.882999989748001,2.882999989748001,183867,62274996.0
20200604,2.888999989748001,2.895999989748001,2.8699999897480013,2.875999989748001,216463,72767544.0
20200605,2.887999989748001,2.896999989748001,2.863999989748001,2.896999989748001,195183,65550840.0
20200608,2.907999989748001,2.923999989748001,2.896999989748001,2.904999989748001,264655,89816432.0
20200609,2.913999989748001,2.9309999897480012,2.899999989748001,2.925999989748001,206911,70396904.0
20200610,2.928999989748001,2.928999989748001,2.902999989748001,2.9109999897480012,143477,48718100.0
20200611,2.9149999897480012,2.9149999897480012,2.864999989748001,2.8779999897480013,252168,85058840.0
20200612,2.856999989748001,2.891999989748001,2.835999989748001,2.880999989748001,229769,76853888.0
20200615,2.8779999897480013,2.8779999897480013,2.831999989748001,2.832999989748001,196737,65626240.0
20200616,2.848999989748001,2.886999989748001,2.848999989748001,2.884999989748001,201115,67547336.0
20200617,2.884999989748001,2.887999989748001,2.8659999897480013,2.8859999897480013,131013,44038024.0
20200618,2.880999989748001,2.908999989748001,2.866999989748001,2.907999989748001,283119,95376448.0
20200619,2.907999989748001,2.952999989748001,2.907999989748001,2.9429999897480013,315413,107687296.0
20200622,2.9469999897480013,2.971999989748001,2.932999989748001,2.9429999897480013,235277,80719472.0
20200623,2.940999989748001,2.957999989748001,2.917999989748001,2.956999989748001,262952,89943880.0
20200624,2.9669999897480013,2.984999989748001,2.960999989748001,2.9829999897480013,155821,53842260.0
20200629,2.976999989748001,2.981999989748001,2.941999989748001,2.955999989748001,233663,80297144.0
20200630,2.956999989748001,3.003999989748001,2.956999989748001,2.991999989748001,227398,78919032.0
20200701,2.995999989748001,3.065999989748001,2.9909999897480013,3.064999989748001,228459,80044560.0
20200702,3.0679999897480013,3.165999989748001,3.061999989748001,3.151999989748001,341890,122569016.0
20200703,3.153999989748001,3.239999989748001,3.153999989748001,3.238999989748001,257142,94591736.0
20200706,3.269999989748001,3.6109999897480014,3.269999989748001,3.6079999897480013,357380,139025168.0
20200707,3.672999989748001,3.7169999897480013,3.496999989748001,3.4989999897480013,489640,197789984.0
20200708,3.492999989748001,3.5919999897480013,3.4709999897480013,3.547999989748001,349522,139893344.0
20200709,3.5469999897480013,3.6059999897480015,3.5229999897480013,3.603999989748001,347081,140611648.0
20200710,3.5949999897480014,3.5949999897480014,3.491999989748001,3.5149999897480013,289751,116538016.0
20200713,3.503999989748001,3.601999989748001,3.480999989748001,3.572999989748001,238658,96095912.0
20200714,3.571999989748001,3.5769999897480007,3.479999989748001,3.526999989748001,196936,79185664.0
20200715,3.532999989748001,3.566999989748001,3.467999989748001,3.484999989748001,185146,74155368.0
20200716,3.484999989748001,3.507999989748001,3.3019999897480012,3.324999989748001,347377,135758576.0
20200717,3.320999989748001,3.371999989748001,3.290999989748001,3.335999989748001,315760,120281168.0
20200720,3.358999989748001,3.452999989748001,3.330999989748001,3.448999989748001,250354,97008864.0
20200721,3.468999989748001,3.473999989748001,3.429999989748001,3.453999989748001,212757,83727904.0
20200722,3.449999989748001,3.542999989748001,3.4389999897480013,3.461999989748001,579301,230280576.0
20200723,3.444999989748001,3.476999989748001,3.375999989748001,3.459999989748001,434021,170149600.0
20200724,3.416999989748001,3.440999989748001,3.271999989748001,3.286999989748001,416012,160088304.0
20200727,3.288999989748001,3.343999989748001,3.2819999897480012,3.318999989748001,244823,92964664.0
20200728,3.323999989748001,3.370999989748001,3.320999989748001,3.338999989748001,251789,96344408.0
20200729,3.3339999897480013,3.4269999897480012,3.318999989748001,3.4189999897480012,335872,129623440.0
20200730,3.419999989748001,3.436999989748001,3.397999989748001,3.403999989748001,256725,100089776.0
20200731,3.402999989748001,3.471999989748001,3.3699999897480013,3.421999989748001,275378,107617312.0
20200803,3.472999989748001,3.476999989748001,3.433999989748001,3.476999989748001,246382,97027984.0
20200804,3.475999989748001,3.5149999897480013,3.4629999897480013,3.495999989748001,304642,120990296.0
20200805,3.495999989748001,3.495999989748001,3.4349999897480012,3.488999989748001,189593,74989464.0
20200806,3.484999989748001,3.501999989748001,3.4269999897480012,3.495999989748001,191510,75614016.0
20200807,3.4949999897480013,3.4949999897480013,3.407999989748001,3.461999989748001,199824,78763384.0
20200810,3.451999989748001,3.512999989748001,3.423999989748001,3.4829999897480013,140321,55511716.0
20200811,3.4829999897480013,3.5369999897480007,3.437999989748001,3.4429999897480013,196131,78397888.0
20200812,3.4269999897480012,3.451999989748001,3.356999989748001,3.431999989748001,277011,107723376.0
20200813,3.4349999897480012,3.4469999897480013,3.404999989748001,3.4149999897480012,199347,77800256.0
20200814,3.413999989748001,3.4949999897480013,3.404999989748001,3.4909999897480013,197899,77710184.0
20200817,3.5029999897480013,3.6089999897480007,3.496999989748001,3.574999989748001,216063,87257560.0
20200818,3.5739999897480015,3.5819999897480015,3.5519999897480012,3.572999989748001,168613,68333728.0
20200819,3.572999989748001,3.572999989748001,3.5109999897480013,3.519999989748001,140214,56575564.0
20200820,3.501999989748001,3.501999989748001,3.447999989748001,3.460999989748001,191199,75668120.0
20200821,3.476999989748001,3.512999989748001,3.464999989748001,3.493999989748001,167530,66649272.0
20200824,3.497999989748001,3.529999989748001,3.491999989748001,3.5069999897480013,194323,77596704.0
20200825,3.519999989748001,3.5499999897480015,3.4949999897480013,3.509999989748001,193913,77777200.0
20200826,3.509999989748001,3.5309999897480013,3.453999989748001,3.460999989748001,198154,78710544.0
20200827,3.4629999897480013,3.491999989748001,3.447999989748001,3.4909999897480013,220128,86982144.0
20200828,3.485999989748001,3.585999989748001,3.479999989748001,3.5789999897480014,305983,123052608.0
20200831,3.582999989748001,3.6299999897480015,3.558999989748001,3.5659999897480015,247903,101504592.0
20200901,3.5659999897480015,3.5769999897480007,3.539999989748001,3.5769999897480007,172500,69680128.0
20200902,3.579999989748001,3.593999989748001,3.5389999897480013,3.5759999897480013,190288,77211352.0
20200903,3.556999989748001,3.612999989748001,3.539999989748001,3.5579999897480015,122240,49501108.0
20200904,3.5149999897480013,3.5239999897480008,3.481999989748001,3.511999989748001,308148,122770096.0
20200907,3.5069999897480013,3.537999989748001,3.4229999897480012,3.4389999897480013,247913,98597744.0
20200908,3.439999989748001,3.487999989748001,3.431999989748001,3.4749999897480013,229148,90323696.0
20200909,3.448999989748001,3.449999989748001,3.379999989748001,3.402999989748001,192497,75137968.0
20200910,3.411999989748001,3.449999989748001,3.402999989748001,3.412999989748001,273114,107076824.0
20200911,3.408999989748001,3.440999989748001,3.395999989748001,3.435999989748001,135404,52761176.0
20200914,3.443999989748001,3.469999989748001,3.437999989748001,3.463999989748001,151417,59658680.0
20200915,3.4669999897480013,3.489999989748001,3.445999989748001,3.481999989748001,145234,57365248.0
20200916,3.491999989748001,3.496999989748001,3.451999989748001,3.467999989748001,276289,109338208.0
20200917,3.4549999897480013,3.464999989748001,3.4149999897480012,3.432999989748001,269059,105527992.0
20200918,3.431999989748001,3.539999989748001,3.431999989748001,3.537999989748001,286895,113633504.0
20200921,3.5469999897480013,3.566999989748001,3.4909999897480013,3.495999989748001,226665,90619984.0
20200922,3.473999989748001,3.507999989748001,3.428999989748001,3.4429999897480013,233480,92376968.0
20200923,3.433999989748001,3.460999989748001,3.429999989748001,3.452999989748001,179541,70592528.0
20200924,3.4309999897480012,3.432999989748001,3.376999989748001,3.382999989748001,205520,79783928.0
20200925,3.3859999897480013,3.408999989748001,3.378999989748001,3.394999989748001,204678,79337032.0
20200928,3.419999989748001,3.4349999897480012,3.394999989748001,3.409999989748001,157859,61505132.0
20200929,3.412999989748001,3.429999989748001,3.402999989748001,3.403999989748001,129035,50296760.0
20200930,3.4189999897480012,3.435999989748001,3.371999989748001,3.390999989748001,265123,103105264.0
20201009,3.4389999897480013,3.475999989748001,3.4389999897480013,3.459999989748001,165279,65145668.0
20201012,3.461999989748001,3.579999989748001,3.461999989748001,3.5789999897480014,169545,68196032.0
20201013,3.5739999897480015,3.579999989748001,3.539999989748001,3.571999989748001,171008,69093152.0
20201014,3.574999989748001,3.574999989748001,3.539999989748001,3.548999989748001,104694,42218824.0
20201015,3.5709999897480014,3.572999989748001,3.539999989748001,3.545999989748001,153525,61982704.0
20201016,3.5449999897480007,3.572999989748001,3.5179999897480014,3.5439999897480012,229739,92720256.0
20201019,3.5519999897480012,3.6029999897480014,3.493999989748001,3.507999989748001,314634,126887648.0
20201020,3.507999989748001,3.531999989748001,3.496999989748001,3.526999989748001,190531,76180280.0
20201021,3.527999989748001,3.5419999897480015,3.504999989748001,3.5369999897480007,194208,77782936.0
20201022,3.5389999897480013,3.540999989748001,3.488999989748001,3.527999989748001,108656,43459096.0
20201023,3.527999989748001,3.5529999897480007,3.4949999897480013,3.497999989748001,247614,99208416.0
20201026,3.463999989748001,3.4709999897480013,3.4269999897480012,3.444999989748001,275181,108156056.0
20201027,3.436999989748001,3.453999989748001,3.424999989748001,3.4469999897480013,152224,59724128.0
20201028,3.441999989748001,3.4829999897480013,3.432999989748001,3.471999989748001,190993,75311656.0
20201029,3.417999989748001,3.5109999897480013,3.417999989748001,3.4909999897480013,287824,113516288.0
20201030,3.4869999897480013,3.492999989748001,3.4149999897480012,3.420999989748001,167756,66286004.0
20201102,3.425999989748001,3.455999989748001,3.409999989748001,3.421999989748001,185821,72757384.0
20201103,3.425999989748001,3.4869999897480013,3.425999989748001,3.469999989748001,183740,72509856.0
20201104,3.469999989748001,3.508999989748001,3.457999989748001,3.488999989748001,164609,65242636.0
20201105,3.513999989748001,3.5579999897480015,3.513999989748001,3.5519999897480012,163966,65945908.0
20201106,3.5519999897480012,3.556999989748001,3.516999989748001,3.5439999897480012,171595,68992024.0
20201109,3.556999989748001,3.641999989748001,3.556999989748001,3.6249999897480008,140532,57521096.0
20201110,3.630999989748001,3.6349999897480014,3.5919999897480013,3.6079999897480013,136824,56189832.0
20201111,3.6109999897480014,3.6239999897480013,3.588999989748001,3.595999989748001,85959,35148200.0
20201112,3.596999989748001,3.6059999897480015,3.574999989748001,3.585999989748001,102464,41745352.0
20201113,3.577999989748001,3.577999989748001,3.500999989748001,3.5259999897480014,157266,62969488.0
20201116,3.5419999897480015,3.574999989748001,3.534999989748001,3.5709999897480014,255976,103299544.0
20201117,3.569999989748001,3.5769999897480007,3.5529999897480007,3.572999989748001,214492,86853744.0
20201118,3.5849999914169315,3.604999991416931,3.5659999914169314,3.583999991416931,171861,68818336.0
20201119,3.5829999914169313,3.625999991416931,3.5629999914169312,3.617999991416931,145233,58223376.0
20201120,3.609999991416931,3.631999991416931,3.6029999914169313,3.6269999914169313,145145,58519952.0
20201123,3.6299999914169314,3.7039999914169313,3.6299999914169314,3.6829999914169314,248584,101430920.0
20201124,3.6829999914169314,3.6879999914169312,3.649999991416931,3.6599999914169308,182696,74582096.0
20201125,3.6649999914169316,3.686999991416931,3.607999991416931,3.612999991416931,194232,79039032.0
20201126,3.6089999914169315,3.6299999914169314,3.5929999914169315,3.6299999914169314,202402,81616824.0
20201127,3.623999991416931,3.6969999914169316,3.623999991416931,3.691999991416931,205338,83475992.0
20201130,3.7149999914169314,3.766999991416931,3.6649999914169316,3.6719999914169312,262981,109074576.0
20201201,3.6729999914169316,3.7709999914169314,3.668999991416931,3.7579999914169315,181834,75179440.0
20201202,3.7579999914169315,3.779999991416931,3.7339999914169315,3.7529999914169307,151553,63254980.0
20201203,3.7529999914169307,3.7629999914169314,3.710999991416931,3.745999991416931,143137,59551272.0
20201204,3.731999991416931,3.758999991416931,3.702999991416931,3.7549999914169314,150384,62296640.0
20201207,3.7549999914169314,3.7579999914169315,3.6939999914169315,3.7069999914169314,218438,90325600.0
20201208,3.713999991416931,3.7339999914169315,3.692999991416931,3.6959999914169313,154327,63689404.0
20201209,3.700999991416931,3.7229999914169314,3.6539999914169314,3.657999991416931,163981,67517456.0
20201210,3.641999991416931,3.676999991416931,3.6409999914169315,3.6589999914169313,150326,61274460.0
20201211,3.6589999914169313,3.668999991416931,3.5959999914169307,3.620999991416931,160408,65020188.0
20201214,3.6219999914169314,3.6569999914169316,3.617999991416931,3.652999991416931,120224,48729268.0
20201215,3.6539999914169314,3.6639999914169312,3.625999991416931,3.655999991416931,127491,51773352.0
20201216,3.657999991416931,3.6799999914169312,3.6519999914169308,3.6639999914169312,135881,55467512.0
20201217,3.660999991416931,3.7419999914169315,3.660999991416931,3.731999991416931,179774,74051336.0
20201218,3.737999991416931,3.737999991416931,3.683999991416931,3.708999991416931,165650,68350592.0
20201221,3.708999991416931,3.7469999914169314,3.684999991416931,3.734999991416931,143902,59563692.0
20201222,3.718999991416931,3.724999991416931,3.647999991416931,3.654999991416931,169218,69707824.0
20201223,3.646999991416931,3.7049999914169316,3.646999991416931,3.6879999914169312,127266,52135852.0
20201224,3.697999991416931,3.715999991416931,3.6649999914169316,3.6749999914169313,121402,49859468.0
20201225,3.665999991416931,3.7199999914169313,3.6589999914169313,3.715999991416931,143487,58863728.0
20201228,3.7149999914169314,3.756999991416931,3.7119999914169313,3.7289999914169307,196126,81309752.0
20201229,3.7289999914169307,3.747999991416931,3.7099999914169315,3.716999991416931,138229,57337304.0
20201230,3.700999991416931,3.7689999914169308,3.700999991416931,3.7679999914169313,197613,82226272.0
20201231,3.7659999914169315,3.8619999914169307,3.7659999914169315,3.8589999914169315,225610,95717936.0
20210104,3.883999991416931,3.899999991416931,3.830999991416931,3.891999991416931,162821,69740800.0
20210105,3.8799999914169314,3.928999991416931,3.856999991416931,3.9219999914169312,174960,75308752.0
20210106,3.923999991416931,3.9809999914169314,3.910999991416931,3.9679999914169315,169165,73757768.0
20210107,3.968999991416931,4.056999991416931,3.9679999914169315,4.055999991416932,182107,80502816.0
20210108,4.055999991416932,4.082999991416931,3.998999991416931,4.040999991416931,197701,88117704.0
20210111,4.040999991416931,4.093999991416931,3.9839999914169315,3.9999999914169315,225138,100530984.0
20210112,3.9939999914169313,4.138999991416931,3.9809999914169314,4.136999991416931,174672,77874680.0
20210113,4.137999991416931,4.163999991416931,4.0849999914169315,4.122999991416931,116837,53085692.0
20210114,4.114999991416931,4.114999991416931,4.038999991416931,4.0529999914169315,123254,55431112.0
20210115,4.053999991416931,4.088999991416931,3.9939999914169313,4.030999991416931,158113,70754432.0
20210118,4.0319999914169316,4.099999991416931,4.009999991416931,4.075999991416931,129946,57995164.0
20210119,4.0769999914169315,4.083999991416931,4.006999991416931,4.022999991416931,160367,71732416.0
20210120,4.021999991416931,4.062999991416931,4.002999991416931,4.035999991416931,179737,80098136.0
20210121,4.038999991416931,4.123999991416931,4.038999991416931,4.1009999914169315,158481,71210624.0
20210122,4.101999991416931,4.103999991416931,4.049999991416931,4.091999991416931,144899,65188140.0
20210125,4.083999991416931,4.1489999914169315,4.073999991416931,4.144999991416931,148665,67341776.0
20210126,4.133999991416931,4.133999991416931,4.043999991416931,4.048999991416931,120622,54243196.0
20210127,4.036999991416931,4.065999991416931,4.018999991416931,4.054999991416931,130831,58314224.0
20210128,4.014999991416931,4.021999991416931,3.950999991416931,3.9549999914169316,129677,57153692.0
20210129,3.974999991416931,4.003999991416931,3.8989999914169315,3.9539999914169313,141829,62174392.0
20210201,3.9539999914169313,3.9759999914169315,3.923999991416931,3.9729999914169314,113304,49539792.0
20210202,3.9759999914169315,4.021999991416931,3.957999991416931,4.021999991416931,113031,49845984.0
20210203,4.016999991416931,4.029999991416931,3.984999991416931,4.003999991416931,133299,58949308.0
20210204,4.002999991416931,4.032999991416931,3.9549999914169316,4.006999991416931,145303,64080024.0
20210205,4.021999991416931,4.067999991416931,4.010999991416931,4.025999991416931,147158,65515812.0
20210208,4.027999991416931,4.103999991416931,4.025999991416931,4.0929999914169315,208110,93254632.0
20210209,4.094999991416931,4.181999991416931,4.069999991416931,4.179999991416931,142736,64661008.0
20210210,4.208999991416931,4.269999991416931,4.174999991416931,4.258999991416931,120297,55883824.0
20210218,4.323999991416931,4.351999991416931,4.2339999914169315,4.2579999914169315,133053,62671564.0
20210219,4.248999991416931,4.278999991416931,4.1859999914169315,4.267999991416931,140448,65276092.0
20210222,4.261999991416931,4.275999991416931,4.143999991416931,4.1489999914169315,167383,77538624.0
20210223,4.1249999914169315,4.190999991416931,4.111999991416931,4.145999991416931,150409,68879848.0
20210224,4.1489999914169315,4.157999991416931,3.9839999914169315,4.0319999914169316,175839,79079424.0
20210225,4.043999991416931,4.107999991416931,4.039999991416932,4.070999991416931,164013,73721208.0
20210226,4.026999991416931,4.026999991416931,3.957999991416931,3.973999991416931,166929,73552608.0
20210301,3.9709999914169307,4.014999991416931,3.9519999914169315,4.009999991416931,134259,59114312.0
20210302,4.008999991416931,4.0319999914169316,3.9039999914169314,3.9409999914169314,119360,52483024.0
20210303,3.931999991416931,4.055999991416932,3.9279999914169315,4.051999991416931,136238,60188240.0
20210304,4.020999991416931,4.020999991416931,3.891999991416931,3.9299999914169312,146497,63845352.0
20210305,3.8909999914169315,3.942999991416931,3.8459999914169307,3.9099999914169308,114784,49522832.0
20210308,3.9329999914169314,3.9729999914169314,3.771999991416931,3.7759999914169313,152811,65714864.0
20210309,3.7529999914169307,3.7979999914169316,3.6719999914169312,3.710999991416931,164925,68546072.0
20210310,3.734999991416931,3.7689999914169308,3.7179999914169315,3.7279999914169313,104517,43455028.0
20210311,3.734999991416931,3.833999991416931,3.734999991416931,3.833999991416931,163188,68944688.0
20210312,3.838999991416931,3.851999991416931,3.7839999914169313,3.838999991416931,154440,65364968.0
20210315,3.833999991416931,3.833999991416931,3.732999991416931,3.7709999914169314,117254,49286632.0
20210316,3.771999991416931,3.819999991416931,3.7529999914169307,3.800999991416931,108179,45522672.0
20210317,3.798999991416931,3.824999991416931,3.748999991416931,3.809999991416931,125783,53007088.0
20210318,3.795999991416931,3.835999991416931,3.795999991416931,3.819999991416931,109848,46495240.0
20210319,3.798999991416931,3.798999991416931,3.6989999914169314,3.721999991416931,108379,45027188.0
20210322,3.699999991416931,3.7739999914169315,3.699999991416931,3.756999991416931,106058,44183016.0
20210323,3.756999991416931,3.7609999914169308,3.686999991416931,3.731999991416931,118222,48816792.0
20210324,3.721999991416931,3.739999991416931,3.6539999914169314,3.6639999914169312,147666,60512548.0
20210325,3.6619999914169314,3.6859999914169315,3.6409999914169315,3.665999991416931,150883,61518656.0
20210326,3.6829999914169314,3.753999991416931,3.678999991416931,3.737999991416931,163840,67660640.0
20210329,3.742999991416931,3.771999991416931,3.7099999914169315,3.7529999914169307,161233,67136904.0
20210330,3.740999991416931,3.7899999914169316,3.7359999914169313,3.7839999914169313,175748,73541624.0
20210331,3.7839999914169313,3.7839999914169313,3.723999991416931,3.747999991416931,110530,45929864.0
20210401,3.7499999914169315,3.803999991416931,3.7499999914169315,3.795999991416931,119137,49986584.0
20210402,3.795999991416931,3.838999991416931,3.795999991416931,3.8319999914169314,127364,53874744.0
20210406,3.832999991416931,3.835999991416931,3.792999991416931,3.8049999914169312,118393,50050544.0
20210407,3.7999999914169313,3.8239999914169314,3.750999991416931,3.7919999914169313,122454,51255404.0
20210408,3.7689999914169308,3.816999991416931,3.7549999914169314,3.800999991416931,148516,62461068.0
20210409,3.7969999914169312,3.7969999914169312,3.7359999914169313,3.7439999914169313,176949,73757664.0
20210412,3.7439999914169313,3.7549999914169314,3.6829999914169314,3.694999991416931,150173,62070480.0
20210413,3.6749999914169313,3.7199999914169313,3.6569999914169316,3.667999991416931,147114,60510456.0
20210414,3.6719999914169312,3.7039999914169313,3.6589999914169313,3.6909999914169314,206517,84731064.0
20210415,3.684999991416931,3.684999991416931,3.620999991416931,3.6599999914169308,148402,60327560.0
20210416,3.660999991416931,3.691999991416931,3.633999991416931,3.6809999914169316,130040,53014116.0
20210419,3.6809999914169316,3.772999991416931,3.6509999914169313,3.7689999914169308,154630,63886504.0
20210420,3.748999991416931,3.7819999914169316,3.731999991416931,3.7579999914169315,148486,62013312.0
20210421,3.753999991416931,3.7689999914169308,3.721999991416931,3.7599999914169313,131944,54930836.0
20210422,3.761999991416931,3.779999991416931,3.724999991416931,3.745999991416931,130567,54314112.0
20210423,3.729999991416931,3.785999991416931,3.729999991416931,3.7689999914169308,142845,59783584.0
20210426,3.756999991416931,3.8079999914169314,3.7069999914169314,3.710999991416931,154169,64747520.0
20210427,3.7099999914169315,3.7309999914169314,3.6939999914169315,3.7199999914169313,162798,67157008.0
20210428,3.7119999914169313,3.737999991416931,3.6889999914169316,3.7369999914169307,137617,56775052.0
20210429,3.7369999914169307,3.7839999914169313,3.724999991416931,3.780999991416931,144267,60295856.0
20210430,3.7689999914169308,3.7769999914169308,3.710999991416931,3.7389999914169314,156678,65257372.0
20210506,3.7339999914169315,3.763999991416931,3.689999991416931,3.7019999914169315,132586,54962540.0
20210507,3.7069999914169314,3.7369999914169307,3.6669999914169313,3.673999991416931,142952,58997976.0
20210510,3.673999991416931,3.684999991416931,3.6349999914169313,3.670999991416931,139139,56783144.0
20210511,3.655999991416931,3.707999991416931,3.6199999914169307,3.7039999914169313,159044,64817532.0
20210512,3.6959999914169313,3.7179999914169315,3.673999991416931,3.716999991416931,140554,57838868.0
20210513,3.6909999914169314,3.6989999914169314,3.6509999914169313,3.6699999914169315,113082,46221136.0
20210514,3.6749999914169313,3.763999991416931,3.662999991416931,3.761999991416931,160329,66199680.0
20210517,3.7579999914169315,3.8219999914169316,3.7519999914169313,3.7979999914169316,161185,67987784.0
20210518,3.7999999914169313,3.8139999914169316,3.7869999914169314,3.803999991416931,157022,66190764.0
20210519,3.7999999914169313,3.7999999914169313,3.7659999914169315,3.7819999914169316,170141,71337504.0
20210520,3.780999991416931,3.803999991416931,3.756999991416931,3.792999991416931,147676,61950608.0
20210521,3.792999991416931,3.816999991416931,3.7339999914169315,3.747999991416931,148782,62095496.0
20210524,3.7449999914169307,3.764999991416931,3.710999991416931,3.7599999914169313,157037,65216888.0
20210525,3.7659999914169315,3.915999991416931,3.763999991416931,3.905999991416931,206693,88225200.0
20210526,3.907999991416931,3.9379999914169312,3.896999991416931,3.915999991416931,151380,65633776.0
20210527,3.902999991416931,3.968999991416931,3.889999991416931,3.933999991416931,141645,61350868.0
20210528,3.9359999914169315,3.957999991416931,3.8939999914169308,3.923999991416931,184924,80402136.0
20210531,3.9249999914169313,3.933999991416931,3.888999991416931,3.9329999914169314,192427,83198136.0
20210601,3.9329999914169314,3.9329999914169314,3.872999991416931,3.9299999914169312,186624,80693944.0
20210602,3.9299999914169312,3.936999991416931,3.8689999914169313,3.8879999914169314,189734,81867392.0
20210603,3.8849999914169313,3.912999991416931,3.867999991416931,3.8719999914169314,168675,72696776.0
20210604,3.8699999914169307,3.934999991416931,3.843999991416931,3.883999991416931,176958,75870376.0
20210607,3.8849999914169313,3.891999991416931,3.8589999914169315,3.880999991416931,169879,72922160.0
20210608,3.8769999914169313,3.9229999914169316,3.825999991416931,3.851999991416931,198462,84923592.0
20210609,3.848999991416931,3.878999991416931,3.843999991416931,3.8669999914169315,165367,70724888.0
20210610,3.8689999914169313,3.915999991416931,3.851999991416931,3.888999991416931,198482,85556696.0
20210611,3.899999991416931,3.899999991416931,3.841999991416931,3.8449999914169313,160993,68797912.0
20210615,3.843999991416931,3.856999991416931,3.7819999914169316,3.795999991416931,146545,61921712.0
20210616,3.793999991416931,3.8029999914169315,3.7439999914169313,3.750999991416931,160113,66976024.0
20210617,3.7499999914169315,3.7899999914169316,3.7499999914169315,3.7819999914169316,146180,61195696.0
20210618,3.7819999914169316,3.7819999914169316,3.723999991416931,3.7609999914169308,158101,65785988.0
20210621,3.7579999914169315,3.7599999914169313,3.708999991416931,3.7279999914169313,145020,60081908.0
20210622,3.731999991416931,3.7709999914169314,3.731999991416931,3.766999991416931,157274,65627364.0
20210623,3.7659999914169315,3.8029999914169315,3.756999991416931,3.7759999914169313,156555,65679056.0
20210624,3.7739999914169315,3.792999991416931,3.7609999914169308,3.7849999914169308,128783,53939680.0
20210625,3.790999991416931,3.8769999914169313,3.790999991416931,3.867999991416931,168976,71827232.0
20210628,3.870999991416931,3.8719999914169314,3.830999991416931,3.846999991416931,118764,50627584.0
20210629,3.8349999914169315,3.8479999914169314,3.7979999914169316,3.8109999914169315,145670,61738432.0
20210630,3.8109999914169315,3.8379999914169307,3.8079999914169314,3.8369999914169313,136671,57933256.0
20210701,3.8379999914169307,3.8619999914169307,3.8049999914169312,3.8349999914169315,108225,46000412.0
20210702,3.8239999914169314,3.833999991416931,3.723999991416931,3.7339999914169315,168673,70392072.0
20210705,3.7209999914169307,3.7529999914169307,3.7179999914169315,3.7439999914169313,149347,62059004.0
20210706,3.745999991416931,3.7499999914169315,3.7039999914169313,3.7389999914169314,176599,73194672.0
20210707,3.739999991416931,3.792999991416931,3.7209999914169307,3.779999991416931,167903,70020232.0
20210708,3.780999991416931,3.7849999914169308,3.7389999914169314,3.7499999914169315,146345,61102364.0
20210709,3.740999991416931,3.740999991416931,3.689999991416931,3.7279999914169313,144497,59730088.0
20210712,3.739999991416931,3.7919999914169313,3.729999991416931,3.763999991416931,150356,62897060.0
20210713,3.7629999914169314,3.793999991416931,3.755999991416931,3.779999991416931,135773,56893520.0
20210714,3.772999991416931,3.7739999914169315,3.715999991416931,3.7279999914169313,141534,58723448.0
20210715,3.7259999914169315,3.7999999914169313,3.7119999914169313,3.7999999914169313,149768,62577728.0
20210716,3.7999999914169313,3.800999991416931,3.7419999914169315,3.7529999914169307,143949,60248820.0
20210719,3.7439999914169313,3.7819999914169316,3.708999991416931,3.7709999914169314,134790,56036544.0
20210720,3.7469999914169314,3.766999991416931,3.716999991416931,3.7599999914169313,140641,58629604.0
20210721,3.7549999914169314,3.801999991416931,3.7549999914169314,3.787999991416931,168365,70736224.0
20210722,3.7769999914169308,3.803999991416931,3.772999991416931,3.7979999914169316,132646,55846976.0
20210723,3.795999991416931,3.795999991416931,3.7549999914169314,3.766999991416931,138589,57946992.0
20210726,3.758999991416931,3.758999991416931,3.5959999914169307,3.6439999914169308,194508,79494096.0
20210727,3.644999991416931,3.649999991416931,3.480999991416931,3.520999991416931,198319,79642944.0
20210728,3.500999991416931,3.535999991416931,3.4579999914169313,3.5179999914169313,147025,57614536.0
20210729,3.530999991416931,3.579999991416931,3.530999991416931,3.5669999914169312,165858,65956552.0
20210730,3.5629999914169312,3.5629999914169312,3.488999991416931,3.528999991416931,120361,47264576.0
20210802,3.518999991416931,3.628999991416931,3.4779999914169313,3.6169999914169315,176452,70063056.0
20210803,3.6029999914169313,3.639999991416931,3.5789999914169313,3.617999991416931,158379,63685944.0
20210804,3.6139999914169314,3.649999991416931,3.593999991416931,3.636999991416931,152069,61583100.0
20210805,3.636999991416931,3.675999991416931,3.5899999914169314,3.636999991416931,128784,52257572.0
20210806,3.631999991416931,3.6359999914169308,3.596999991416931,3.617999991416931,115689,46634060.0
20210809,3.617999991416931,3.6809999914169316,3.591999991416931,3.667999991416931,155755,63321192.0
20210810,3.667999991416931,3.716999991416931,3.625999991416931,3.715999991416931,156369,63723488.0
20210811,3.716999991416931,3.726999991416931,3.681999991416931,3.6939999914169315,152888,63123764.0
20210812,3.6939999914169315,3.6969999914169316,3.6639999914169312,3.678999991416931,132832,54410224.0
20210813,3.6699999914169315,3.6959999914169313,3.6409999914169315,3.6619999914169314,121337,49433884.0
20210816,3.6619999914169314,3.6969999914169316,3.6569999914169316,3.662999991416931,136100,55727008.0
20210817,3.6639999914169312,3.694999991416931,3.5709999914169313,3.590999991416931,156648,63537796.0
20210818,3.5929999914169315,3.654999991416931,3.572999991416931,3.631999991416931,126866,51056920.0
20210819,3.6329999914169315,3.633999991416931,3.579999991416931,3.593999991416931,150707,60628380.0
20210820,3.5979999914169314,3.5979999914169314,3.490999991416931,3.526999991416931,152306,60166784.0
20210823,3.5339999914169313,3.576999991416931,3.5259999914169313,3.5699999914169314,134775,53553392.0
20210824,3.575999991416931,3.6489999914169315,3.575999991416931,3.6269999914169313,200874,80911632.0
20210825,3.6269999914169313,3.647999991416931,3.604999991416931,3.641999991416931,183553,74214952.0
20210826,3.639999991416931,3.639999991416931,3.5659999914169314,3.572999991416931,173785,69757368.0
20210827,3.5739999914169314,3.628999991416931,3.571999991416931,3.598999991416931,190124,76320464.0
20210830,3.601999991416931,3.6169999914169315,3.575999991416931,3.590999991416931,196766,78908360.0
20210831,3.5819999914169314,3.6109999914169313,3.5469999914169312,3.6029999914169313,191257,76479936.0
20210901,3.6029999914169313,3.7019999914169315,3.579999991416931,3.675999991416931,246412,99827728.0
20210902,3.6699999914169315,3.697999991416931,3.6649999914169316,3.6879999914169312,219465,89976552.0
20210903,3.6889999914169316,3.713999991416931,3.6669999914169313,3.678999991416931,228637,93890408.0
20210906,3.676999991416931,3.748999991416931,3.6749999914169313,3.747999991416931,246613,101880184.0
20210907,3.7519999914169313,3.800999991416931,3.7129999914169307,3.7819999914169316,213051,88592496.0
20210908,3.782999991416931,3.798999991416931,3.745999991416931,3.7599999914169313,203557,85424528.0
20210909,3.739999991416931,3.7689999914169308,3.729999991416931,3.763999991416931,199532,83060976.0
20210910,3.7609999914169308,3.843999991416931,3.7599999914169313,3.808999991416931,228726,96526768.0
20210913,3.8059999914169316,3.8139999914169316,3.7609999914169308,3.785999991416931,170063,71560528.0
20210914,3.785999991416931,3.7899999914169316,3.7049999914169316,3.7129999914169307,180027,75229016.0
20210915,3.713999991416931,3.718999991416931,3.654999991416931,3.668999991416931,199457,81953496.0
20210916,3.6639999914169312,3.6889999914169316,3.633999991416931,3.639999991416931,215386,87906384.0
20210917,3.636999991416931,3.6699999914169315,3.622999991416931,3.668999991416931,191591,77801032.0
20210922,3.6539999914169314,3.6539999914169314,3.591999991416931,3.646999991416931,187559,75846392.0
20210923,3.657999991416931,3.6959999914169313,3.655999991416931,3.6639999914169312,162256,66381968.0
20210924,3.6619999914169314,3.6969999914169316,3.654999991416931,3.6599999914169308,241530,98823520.0
20210927,3.6599999914169308,3.7019999914169315,3.647999991416931,3.667999991416931,207207,84782568.0
20210928,3.670999991416931,3.6889999914169316,3.644999991416931,3.6859999914169315,197237,80638160.0
20210929,3.6729999914169316,3.6729999914169316,3.6189999914169313,3.6539999914169314,289222,117208960.0
20210930,3.654999991416931,3.667999991416931,3.644999991416931,3.6509999914169313,186394,75866392.0
20211008,3.660999991416931,3.716999991416931,3.660999991416931,3.707999991416931,213501,87874328.0
20211011,3.707999991416931,3.7579999914169315,3.707999991416931,3.715999991416931,178814,74287912.0
20211012,3.715999991416931,3.715999991416931,3.6439999914169308,3.678999991416931,260671,107024016.0
20211013,3.6809999914169316,3.731999991416931,3.6639999914169312,3.7129999914169307,245038,100706192.0
20211014,3.6989999914169314,3.7199999914169313,3.6809999914169316,3.692999991416931,209987,86487216.0
20211015,3.691999991416931,3.7289999914169307,3.675999991416931,3.7149999914169314,202767,83566312.0
20211018,3.7149999914169314,3.7229999914169314,3.6439999914169308,3.6649999914169316,199105,81182264.0
20211019,3.665999991416931,3.7119999914169313,3.665999991416931,3.7039999914169313,187456,77032064.0
20211020,3.694999991416931,3.713999991416931,3.6809999914169316,3.694999991416931,187787,77229376.0
20211021,3.694999991416931,3.7389999914169314,3.694999991416931,3.718999991416931,197459,81512944.0
20211022,3.7209999914169307,3.772999991416931,3.7209999914169307,3.7449999914169307,193347,80334184.0
20211025,3.7449999914169307,3.7689999914169308,3.718999991416931,3.7659999914169315,195117,81005240.0
20211026,3.764999991416931,3.782999991416931,3.740999991416931,3.747999991416931,172922,72251968.0
20211027,3.745999991416931,3.745999991416931,3.6909999914169314,3.700999991416931,175679,72592560.0
20211028,3.686999991416931,3.7039999914169313,3.668999991416931,3.6889999914169316,181730,74624800.0
20211029,3.686999991416931,3.710999991416931,3.678999991416931,3.7099999914169315,177518,72948552.0
20211101,3.6989999914169314,3.7049999914169316,3.667999991416931,3.691999991416931,160521,65883532.0
20211102,3.689999991416931,3.715999991416931,3.6189999914169313,3.647999991416931,189832,77659136.0
20211103,3.6459999914169314,3.6639999914169312,3.6139999914169314,3.6279999914169307,183174,74244632.0
20211104,3.6279999914169307,3.6649999914169316,3.6279999914169307,3.6539999914169314,192271,78160648.0
20211105,3.6539999914169314,3.667999991416931,3.630999991416931,3.6379999914169314,212936,86595992.0
20211108,3.6379999914169314,3.6569999914169316,3.615999991416931,3.633999991416931,249126,100880352.0
20211109,3.6349999914169313,3.6569999914169316,3.612999991416931,3.630999991416931,178901,72398192.0
20211110,3.630999991416931,3.630999991416931,3.560999991416931,3.606999991416931,237877,95329360.0
20211111,3.6039999914169307,3.667999991416931,3.596999991416931,3.6639999914169312,215977,87533464.0
20211112,3.657999991416931,3.6779999914169315,3.652999991416931,3.662999991416931,199392,81360328.0
20211115,3.6649999914169316,3.683999991416931,3.6429999914169313,3.6569999914169316,208931,85117864.0
20211116,3.6569999914169316,3.681999991416931,3.641999991416931,3.6489999914169315,216430,88299288.0
20211117,3.6489999914169315,3.657999991416931,3.6329999914169315,3.644999991416931,187780,76246168.0
20211118,3.644999991416931,3.644999991416931,3.6009999914169315,3.612999991416931,195105,78624888.0
20211119,3.612999991416931,3.657999991416931,3.607999991416931,3.652999991416931,193236,78089360.0
20211122,3.652999991416931,3.673999991416931,3.6509999914169313,3.6639999914169312,196415,80107688.0
20211123,3.6639999914169312,3.686999991416931,3.654999991416931,3.6729999914169316,180749,73980128.0
20211124,3.673999991416931,3.6909999914169314,3.660999991416931,3.673999991416931,171888,70274368.0
20211125,3.673999991416931,3.6829999914169314,3.6599999914169308,3.667999991416931,179549,73343544.0
20211126,3.6669999914169313,3.6669999914169313,3.6329999914169315,3.638999991416931,172759,70211592.0
20211129,3.623999991416931,3.636999991416931,3.6039999914169307,3.6329999914169315,168927,68330872.0
20211130,3.6329999914169315,3.6519999914169308,3.604999991416931,3.6169999914169315,178698,72375504.0
20211201,3.615999991416931,3.6379999914169314,3.615999991416931,3.6359999914169308,185971,75122376.0
20211202,3.6349999914169313,3.652999991416931,3.623999991416931,3.6429999914169313,205566,83399688.0
20211203,3.641999991416931,3.6889999914169316,3.641999991416931,3.6889999914169316,206002,84111304.0
20211206,3.691999991416931,3.718999991416931,3.6749999914169313,3.681999991416931,194362,80060968.0
20211207,3.691999991416931,3.716999991416931,3.684999991416931,3.716999991416931,181416,74726248.0
20211208,3.7179999914169315,3.766999991416931,3.7019999914169315,3.7659999914169315,193404,80075024.0
20211209,3.769999991416931,3.8529999914169313,3.761999991416931,3.8209999914169313,231116,97507616.0
20211210,3.8209999914169313,3.8209999914169313,3.793999991416931,3.7979999914169316,183955,77577272.0
20211213,3.803999991416931,3.891999991416931,3.803999991416931,3.8239999914169314,206377,88151072.0
20211214,3.8139999914169316,3.8139999914169316,3.7849999914169308,3.792999991416931,180651,76216704.0
20211215,3.792999991416931,3.8059999914169316,3.763999991416931,3.766999991416931,170585,71734632.0
20211216,3.766999991416931,3.7889999914169312,3.753999991416931,3.7889999914169312,182246,76296552.0
20211217,3.7889999914169312,3.7889999914169312,3.7289999914169307,3.7309999914169314,185809,77584808.0
20211220,3.724999991416931,3.747999991416931,3.681999991416931,3.6889999914169316,187907,77680720.0
20211221,3.6829999914169314,3.7179999914169315,3.6829999914169314,3.716999991416931,164006,67513200.0
20211222,3.718999991416931,3.726999991416931,3.6939999914169315,3.702999991416931,161188,66504052.0
20211223,3.7069999914169314,3.723999991416931,3.6889999914169316,3.723999991416931,178041,73349936.0
20211224,3.7289999914169307,3.7439999914169313,3.699999991416931,3.7149999914169314,176244,72945528.0
20211227,3.7129999914169307,3.729999991416931,3.6879999914169312,3.705999991416931,170906,70560016.0
20211228,3.707999991416931,3.7389999914169314,3.702999991416931,3.737999991416931,177320,73222440.0
20211229,3.737999991416931,3.737999991416931,3.676999991416931,3.678999991416931,192042,78988544.0
20211230,3.678999991416931,3.7179999914169315,3.6719999914169312,3.7019999914169315,171309,70463624.0
20211231,3.7019999914169315,3.726999991416931,3.7019999914169315,3.710999991416931,185161,76501392.0
20220104,3.710999991416931,3.716999991416931,3.654999991416931,3.6969999914169316,202191,82887600.0
20220105,3.6959999914169313,3.702999991416931,3.6509999914169313,3.6669999914169313,201831,82665216.0
20220106,3.6599999914169308,3.662999991416931,3.606999991416931,3.6299999914169314,249123,100975000.0
20220107,3.6299999914169314,3.6599999914169308,3.628999991416931,3.6379999914169314,195254,79322872.0
20220110,3.6379999914169314,3.655999991416931,3.6109999914169313,3.649999991416931,199201,80750832.0
20220111,3.644999991416931,3.665999991416931,3.617999991416931,3.631999991416931,227296,92294720.0
20220112,3.630999991416931,3.670999991416931,3.630999991416931,3.6619999914169314,210185,85381400.0
20220113,3.662999991416931,3.662999991416931,3.606999991416931,3.6089999914169315,268391,108908824.0
20220114,3.6039999914169307,3.6139999914169314,3.555999991416931,3.5579999914169314,253096,100966352.0
20220117,3.5469999914169312,3.583999991416931,3.5469999914169312,3.571999991416931,208993,83145392.0
20220118,3.5709999914169313,3.6299999914169314,3.559999991416931,3.617999991416931,212206,85214040.0
20220119,3.6139999914169314,3.6329999914169315,3.5929999914169315,3.6119999914169307,216326,87178216.0
20220120,3.6109999914169313,3.6719999914169312,3.6109999914169313,3.6509999914169313,233263,94709720.0
20220121,3.6509999914169313,3.6509999914169313,3.607999991416931,3.622999991416931,229281,92890808.0
20220124,3.6219999914169314,3.6329999914169315,3.591999991416931,3.622999991416931,156667,63100520.0
20220125,3.6119999914169307,3.612999991416931,3.5339999914169313,3.536999991416931,208014,83290704.0
20220126,3.548999991416931,3.5749999914169313,3.5219999914169313,3.567999991416931,170859,67953280.0
20220127,3.5709999914169313,3.5709999914169313,3.500999991416931,3.5139999914169313,199294,78749008.0
20220128,3.514999991416931,3.5339999914169313,3.435999991416931,3.446999991416931,260829,101683072.0
20220207,3.468999991416931,3.531999991416931,3.468999991416931,3.515999991416931,189425,74294976.0
20220208,3.5179999914169313,3.524999991416931,3.454999991416931,3.523999991416931,178770,69844944.0
20220209,3.522999991416931,3.560999991416931,3.510999991416931,3.5499999914169313,185928,73431952.0
20220210,3.5499999914169313,3.560999991416931,3.532999991416931,3.5549999914169312,171313,67875624.0
20220211,3.5579999914169314,3.5899999914169314,3.534999991416931,3.540999991416931,160698,64011356.0
20220214,3.536999991416931,3.536999991416931,3.4819999914169313,3.495999991416931,185224,72736704.0
20220215,3.494999991416931,3.527999991416931,3.490999991416931,3.526999991416931,169680,66666076.0
20220216,3.534999991416931,3.556999991416931,3.526999991416931,3.540999991416931,161427,63913968.0
20220217,3.526999991416931,3.564999991416931,3.526999991416931,3.5469999914169312,153337,60779136.0
20220218,3.5429999914169312,3.5709999914169313,3.520999991416931,3.5699999914169314,160789,63723568.0
20220221,3.563999991416931,3.568999991416931,3.5379999914169313,3.5589999914169312,162511,64422968.0
20220222,3.539999991416931,3.5419999914169313,3.4939999914169313,3.511999991416931,175292,68757432.0
20220223,3.511999991416931,3.548999991416931,3.508999991416931,3.5469999914169312,154311,60879276.0
20220224,3.531999991416931,3.531999991416931,3.4419999914169312,3.468999991416931,238884,93295744.0
20220225,3.478999991416931,3.531999991416931,3.478999991416931,3.495999991416931,181176,71135784.0
20220228,3.4939999914169313,3.499999991416931,3.4569999914169314,3.499999991416931,201412,78413248.0
20220301,3.516999991416931,3.5459999914169313,3.5099999914169313,3.5419999914169313,193716,76328984.0
20220302,3.534999991416931,3.534999991416931,3.502999991416931,3.519999991416931,158270,62195720.0
20220303,3.5219999914169313,3.5429999914169312,3.499999991416931,3.5059999914169313,138888,54666848.0
20220304,3.494999991416931,3.500999991416931,3.4619999914169313,3.474999991416931,179236,69811792.0
20220307,3.4659999914169313,3.4659999914169313,3.358999991416931,3.3689999914169313,174024,66485224.0
20220308,3.382999991416931,3.406999991416931,3.2969999914169312,3.3249999914169313,261372,98630648.0
20220309,3.333999991416931,3.339999991416931,3.160999991416931,3.2599999914169313,281819,104356640.0
20220310,3.297999991416931,3.349999991416931,3.297999991416931,3.306999991416931,201821,75550288.0
20220311,3.272999991416931,3.3239999914169314,3.200999991416931,3.314999991416931,246563,90405328.0
20220314,3.278999991416931,3.289999991416931,3.209999991416931,3.209999991416931,234391,86121608.0
20220315,3.184999991416931,3.193999991416931,3.0469999914169312,3.067999991416931,253681,89806696.0
20220316,3.095999991416931,3.1839999914169312,3.0019999914169313,3.168999991416931,323266,113357008.0
20220317,3.2029999914169314,3.280999991416931,3.196999991416931,3.226999991416931,220586,80483504.0
20220318,3.226999991416931,3.274999991416931,3.197999991416931,3.260999991416931,231861,84386864.0
20220321,3.2839999914169313,3.2839999914169313,3.218999991416931,3.253999991416931,211728,77637112.0
20220322,3.248999991416931,3.277999991416931,3.237999991416931,3.2559999914169313,181617,66629460.0
20220323,3.258999991416931,3.281999991416931,3.246999991416931,3.268999991416931,180978,66618616.0
20220324,3.260999991416931,3.2679999914169313,3.224999991416931,3.248999991416931,194870,71265384.0
20220325,3.2399999914169313,3.258999991416931,3.188999991416931,3.193999991416931,199349,72860056.0
20220328,3.1749999914169313,3.204999991416931,3.123999991416931,3.189999991416931,192360,68835360.0
20220329,3.1989999914169314,3.214999991416931,3.1709999914169313,3.176999991416931,170067,61402464.0
20220330,3.1829999914169314,3.2679999914169313,3.1829999914169314,3.262999991416931,195136,71077648.0
20220331,3.257999991416931,3.258999991416931,3.234999991416931,3.238999991416931,171108,62657500.0
20220401,3.230999991416931,3.297999991416931,3.213999991416931,3.2839999914169313,202495,74556504.0
20220406,3.277999991416931,3.282999991416931,3.244999991416931,3.272999991416931,189739,69839904.0
20220407,3.2719999914169313,3.2929999914169312,3.233999991416931,3.233999991416931,189406,69679592.0
20220408,3.234999991416931,3.268999991416931,3.2159999914169313,3.260999991416931,186166,68131904.0
20220411,3.2519999914169313,3.2519999914169313,3.153999991416931,3.1719999914169312,177354,63922056.0
20220412,3.164999991416931,3.2239999914169313,3.140999991416931,3.218999991416931,194423,69910720.0
20220413,3.200999991416931,3.2359999914169313,3.1839999914169312,3.200999991416931,210699,76292928.0
20220414,3.216999991416931,3.266999991416931,3.214999991416931,3.248999991416931,188701,68929856.0
20220415,3.238999991416931,3.262999991416931,3.216999991416931,3.250999991416931,199171,72889224.0
20220418,3.225999991416931,3.225999991416931,3.188999991416931,3.213999991416931,207689,75217744.0
20220419,3.213999991416931,3.224999991416931,3.1679999914169312,3.185999991416931,228587,82685936.0
20220420,3.193999991416931,3.193999991416931,3.1309999914169313,3.141999991416931,233079,83418296.0
20220421,3.125999991416931,3.1589999914169313,3.071999991416931,3.0949999914169313,306165,108525888.0
20220422,3.0819999914169314,3.117999991416931,3.0539999914169313,3.108999991416931,239691,83945840.0
20220425,3.060999991416931,3.080999991416931,2.938999991416931,2.962999991416931,266492,91665472.0
20220426,2.9699999914169313,2.9899999914169313,2.9009999914169313,2.9179999914169312,228073,76518896.0
20220427,2.9219999914169312,2.986999991416931,2.901999991416931,2.984999991416931,221649,74532480.0
20220428,2.979999991416931,3.030999991416931,2.9539999914169313,3.016999991416931,232578,79418768.0
20220429,3.030999991416931,3.095999991416931,2.998999991416931,3.079999991416931,239227,82544440.0
20220505,3.0869999914169313,3.107999991416931,3.079999991416931,3.084999991416931,199250,69869480.0
20220506,3.051999991416931,3.051999991416931,2.9819999914169313,2.988999991416931,184631,63225112.0
20220509,2.984999991416931,2.9979999914169313,2.9529999914169314,2.9739999914169313,174219,59059128.0
20220510,2.942999991416931,3.024999991416931,2.919999991416931,3.011999991416931,192262,65183520.0
20220511,3.011999991416931,3.0829999914169313,2.988999991416931,3.040999991416931,222008,76873224.0
20220512,3.0339999914169313,3.0469999914169312,3.004999991416931,3.0299999914169313,192884,66384840.0
20220513,3.034999991416931,3.0659999914169314,3.028999991416931,3.047999991416931,188158,65143576.0
20220516,3.064999991416931,3.0709999914169313,3.0139999914169313,3.026999991416931,191758,66216300.0
20220517,3.032999991416931,3.0669999914169312,3.022999991416931,3.0659999914169314,175531,60737196.0
20220518,3.0669999914169312,3.076999991416931,3.023999991416931,3.0549999914169312,196794,68121912.0
20220519,3.0259999914169313,3.063999991416931,3.011999991416931,3.055999991416931,203447,70120000.0
20220520,3.0629999914169312,3.128999991416931,3.0629999914169312,3.125999991416931,223449,78728416.0
20220523,3.129999991416931,3.139999991416931,3.084999991416931,3.103999991416931,186293,65498868.0
20220524,3.109999991416931,3.1149999914169313,3.040999991416931,3.0419999914169313,208679,73122128.0
20220525,3.0459999914169313,3.0629999914169312,3.032999991416931,3.0579999914169314,205032,71026784.0
20220526,3.063999991416931,3.093999991416931,3.027999991416931,3.068999991416931,259886,90301936.0
20220527,3.0819999914169314,3.1149999914169313,3.064999991416931,3.079999991416931,234665,82536144.0
20220530,3.083999991416931,3.1149999914169313,3.083999991416931,3.099999991416931,235439,82818384.0
20220531,3.104999991416931,3.153999991416931,3.0869999914169313,3.145999991416931,279971,98933768.0
20220601,3.1429999914169313,3.1429999914169313,3.107999991416931,3.125999991416931,223923,79317176.0
20220602,3.1189999914169313,3.133999991416931,3.103999991416931,3.1309999914169313,161589,57144952.0
20220606,3.137999991416931,3.1789999914169313,3.103999991416931,3.176999991416931,205525,73265376.0
20220607,3.1589999914169313,3.2079999914169313,3.1589999914169313,3.1989999914169314,238545,86032600.0
20220608,3.1959999914169313,3.241999991416931,3.184999991416931,3.229999991416931,267012,96870744.0
20220609,3.2199999914169313,3.2479999914169313,3.1989999914169314,3.213999991416931,268765,97852048.0
20220610,3.197999991416931,3.2639999914169313,3.184999991416931,3.261999991416931,200628,72952248.0
20220613,3.233999991416931,3.233999991416931,3.184999991416931,3.210999991416931,186341,67552720.0
20220614,3.176999991416931,3.257999991416931,3.1589999914169313,3.252999991416931,212411,76559560.0
20220615,3.261999991416931,3.3689999914169313,3.261999991416931,3.3079999914169314,286295,106758152.0
20220616,3.313999991416931,3.3249999914169313,3.265999991416931,3.272999991416931,228106,84906584.0
20220617,3.2439999914169313,3.329999991416931,3.2439999914169313,3.3209999914169313,236332,87504608.0
20220620,3.3049999914169312,3.343999991416931,3.284999991416931,3.3129999914169312,242539,90370256.0
20220621,3.3129999914169312,3.3449999914169313,3.284999991416931,3.313999991416931,231173,86282000.0
20220622,3.313999991416931,3.3209999914169313,3.262999991416931,3.265999991416931,212293,78873552.0
20220623,3.264999991416931,3.3279999914169314,3.264999991416931,3.3239999914169314,206765,76650976.0
20220624,3.333999991416931,3.3809999914169313,3.3319999914169314,3.369999991416931,240280,90478376.0
20220627,3.382999991416931,3.4329999914169314,3.381999991416931,3.401999991416931,232177,88827552.0
20220628,3.403999991416931,3.4489999914169314,3.374999991416931,3.439999991416931,194659,74386512.0
20220629,3.4379999914169312,3.4529999914169314,3.391999991416931,3.399999991416931,256187,98458928.0
20220630,3.418999991416931,3.486999991416931,3.4139999914169312,3.4569999914169314,247948,95816432.0
20220701,3.4569999914169314,3.4659999914169313,3.426999991416931,3.439999991416931,159795,61675464.0
20220704,3.410999991416931,3.4529999914169314,3.403999991416931,3.4529999914169314,231605,89149016.0
20220705,3.4579999914169313,3.4819999914169313,3.4129999914169313,3.451999991416931,179830,69398640.0
20220706,3.451999991416931,3.451999991416931,3.367999991416931,3.3929999914169313,238511,91181208.0
20220707,3.397999991416931,3.409999991416931,3.363999991416931,3.3889999914169313,124441,47401932.0
20220708,3.397999991416931,3.4259999914169312,3.382999991416931,3.387999991416931,159297,60808496.0
20220711,3.377999991416931,3.377999991416931,3.310999991416931,3.3289999914169313,192892,72208752.0
20220712,3.3329999914169313,3.3529999914169313,3.302999991416931,3.3129999914169312,177885,66598632.0
20220713,3.314999991416931,3.3279999914169314,3.293999991416931,3.3079999914169314,175084,65284112.0
20220714,3.306999991416931,3.326999991416931,3.2759999914169313,3.302999991416931,188613,70098384.0
20220715,3.298999991416931,3.330999991416931,3.2479999914169313,3.249999991416931,182045,67727816.0
20220718,3.260999991416931,3.3039999914169313,3.2319999914169313,3.301999991416931,191234,70393192.0
20220719,3.3039999914169313,3.3039999914169313,3.253999991416931,3.285999991416931,202734,74914512.0
20220720,3.2999999914169313,3.314999991416931,3.293999991416931,3.3039999914169313,180177,67032148.0
20220721,3.290999991416931,3.301999991416931,3.262999991416931,3.266999991416931,222011,82162696.0
20220722,3.274999991416931,3.2959999914169313,3.241999991416931,3.265999991416931,215483,79483016.0
20220725,3.260999991416931,3.2639999914169313,3.236999991416931,3.2439999914169313,212230,77792592.0
20220726,3.253999991416931,3.2879999914169313,3.252999991416931,3.2719999914169313,171287,63113320.0
20220727,3.258999991416931,3.2639999914169313,3.241999991416931,3.248999991416931,177365,65093960.0
20220728,3.2559999914169313,3.289999991416931,3.244999991416931,3.248999991416931,189303,69742352.0
20220729,3.254999991416931,3.2719999914169313,3.1949999914169314,3.205999991416931,222982,81352760.0
20220801,3.1999999914169313,3.213999991416931,3.169999991416931,3.205999991416931,185632,66935224.0
20220802,3.188999991416931,3.188999991416931,3.0989999914169313,3.135999991416931,221949,78823104.0
20220803,3.1429999914169313,3.1669999914169313,3.101999991416931,3.108999991416931,219570,78084792.0
20220804,3.133999991416931,3.149999991416931,3.116999991416931,3.1469999914169313,206737,73449000.0
20220805,3.149999991416931,3.193999991416931,3.141999991416931,3.189999991416931,188197,67235200.0
20220808,3.1789999914169313,3.189999991416931,3.1709999914169313,3.1869999914169314,198490,71375104.0
20220809,3.185999991416931,3.196999991416931,3.173999991416931,3.1909999914169314,181557,65370060.0
20220810,3.1959999914169313,3.1959999914169313,3.136999991416931,3.155999991416931,160817,57581728.0
20220811,3.157999991416931,3.228999991416931,3.155999991416931,3.226999991416931,143267,51702444.0
20220812,3.228999991416931,3.2439999914169313,3.209999991416931,3.234999991416931,196160,71457088.0
20220815,3.222999991416931,3.249999991416931,3.214999991416931,3.224999991416931,138628,50515640.0
20220816,3.218999991416931,3.2439999914169313,3.204999991416931,3.209999991416931,175646,64015564.0
20220817,3.2119999914169313,3.241999991416931,3.1959999914169313,3.236999991416931,265220,96447360.0
20220818,3.236999991416931,3.236999991416931,3.1989999914169314,3.205999991416931,192068,69595320.0
20220819,3.2069999914169314,3.210999991416931,3.1799999914169312,3.180999991416931,196961,71151136.0
20220822,3.1869999914169314,3.210999991416931,3.168999991416931,3.197999991416931,183438,66279464.0
20220823,3.196999991416931,3.2039999914169313,3.1639999914169312,3.1759999914169312,174449,62694912.0
20220824,3.1829999914169314,3.1949999914169314,3.117999991416931,3.125999991416931,253508,90564352.0
20220825,3.140999991416931,3.181999991416931,3.119999991416931,3.176999991416931,277028,98576640.0
20220826,3.181999991416931,3.196999991416931,3.169999991416931,3.1749999914169313,216001,77721088.0
20220829,3.1549999914169313,3.1589999914169313,3.131999991416931,3.157999991416931,225114,80210264.0
20220830,3.1509999914169313,3.1639999914169312,3.1229999914169313,3.145999991416931,176798,62884012.0
20220831,3.143999991416931,3.197999991416931,3.137999991416931,3.1669999914169313,216893,77557592.0
20220901,3.1639999914169312,3.173999991416931,3.139999991416931,3.1429999914169313,239121,85578584.0
20220902,3.144999991416931,3.152999991416931,3.105999991416931,3.119999991416931,219416,77788832.0
20220905,3.127999991416931,3.127999991416931,3.0869999914169313,3.107999991416931,354035,124453160.0
20220906,3.111999991416931,3.1589999914169313,3.111999991416931,3.156999991416931,183897,65373696.0
20220907,3.152999991416931,3.160999991416931,3.135999991416931,3.155999991416931,147105,52448048.0
20220908,3.156999991416931,3.169999991416931,3.147999991416931,3.148999991416931,162066,57935196.0
20220909,3.149999991416931,3.205999991416931,3.148999991416931,3.197999991416931,163616,58954072.0
20220913,3.2029999914169314,3.221999991416931,3.192999991416931,3.201999991416931,169091,61269060.0
20220914,3.172999991416931,3.188999991416931,3.1589999914169313,3.168999991416931,200649,72036192.0
20220915,3.1799999914169312,3.1879999914169312,3.127999991416931,3.141999991416931,232111,83054432.0
20220916,3.143999991416931,3.152999991416931,3.067999991416931,3.068999991416931,386348,135575392.0
20220919,3.0699999914169314,3.084999991416931,3.051999991416931,3.064999991416931,216406,75373304.0
20220920,3.064999991416931,3.084999991416931,3.0509999914169312,3.0629999914169312,170170,59300764.0
20220921,3.0619999914169314,3.0629999914169312,3.024999991416931,3.044999991416931,223720,77344616.0
20220922,3.034999991416931,3.039999991416931,3.007999991416931,3.0179999914169313,229155,78718976.0
20220923,3.0179999914169313,3.0419999914169313,2.994999991416931,3.012999991416931,253584,87146440.0
20220926,3.003999991416931,3.0389999914169312,2.983999991416931,2.990999991416931,246850,84803400.0
20220927,2.995999991416931,3.0299999914169313,2.975999991416931,3.024999991416931,214265,73049368.0
20220928,3.0259999914169313,3.0259999914169313,2.971999991416931,2.980999991416931,207408,70770952.0
20220929,2.995999991416931,3.018999991416931,2.955999991416931,2.9739999914169313,256259,87485920.0
20220930,2.975999991416931,2.9939999914169313,2.958999991416931,2.9659999914169313,210007,71227496.0
20221010,2.9699999914169313,2.9699999914169313,2.885999991416931,2.897999991416931,220388,73789888.0
20221011,2.906999991416931,2.906999991416931,2.875999991416931,2.886999991416931,308215,101846232.0
20221012,2.890999991416931,2.927999991416931,2.821999991416931,2.919999991416931,275072,90114600.0
20221013,2.886999991416931,2.9129999914169313,2.8849999914169313,2.8889999914169313,308760,102279912.0
20221014,2.905999991416931,2.980999991416931,2.903999991416931,2.966999991416931,355796,120138288.0
20221017,2.962999991416931,2.9699999914169313,2.934999991416931,2.9659999914169313,335004,112936912.0
20221018,2.9739999914169313,2.982999991416931,2.9419999914169312,2.950999991416931,399788,134797520.0
20221019,2.955999991416931,2.958999991416931,2.8969999914169313,2.898999991416931,191551,63950936.0
20221020,2.893999991416931,2.9289999914169313,2.865999991416931,2.8929999914169313,286489,94560936.0
20221021,2.901999991416931,2.9089999914169313,2.866999991416931,2.883999991416931,183805,60796112.0
20221024,2.877999991416931,2.899999991416931,2.770999991416931,2.785999991416931,191520,62072556.0
20221025,2.786999991416931,2.835999991416931,2.760999991416931,2.7919999914169313,246708,79119408.0
20221026,2.7999999914169313,2.8529999914169313,2.793999991416931,2.8079999914169314,232357,75238088.0
20221027,2.813999991416931,2.841999991416931,2.785999991416931,2.789999991416931,215248,69465096.0
20221028,2.777999991416931,2.785999991416931,2.710999991416931,2.720999991416931,237604,75509336.0
20221031,2.712999991416931,2.729999991416931,2.6759999914169312,2.6879999914169312,269982,84072568.0
20221101,2.6909999914169314,2.7999999914169313,2.6909999914169314,2.797999991416931,295133,93118208.0
20221102,2.793999991416931,2.846999991416931,2.766999991416931,2.825999991416931,364527,117710232.0
20221103,2.7969999914169312,2.8159999914169314,2.7799999914169313,2.7969999914169312,223612,71826464.0
20221104,2.7839999914169313,2.909999991416931,2.7839999914169313,2.893999991416931,247084,81067456.0
20221107,2.889999991416931,2.911999991416931,2.869999991416931,2.897999991416931,230165,76188424.0
20221108,2.8969999914169313,2.902999991416931,2.861999991416931,2.881999991416931,186266,61335744.0
20221109,2.881999991416931,2.891999991416931,2.849999991416931,2.863999991416931,251346,82541776.0
20221110,2.861999991416931,2.863999991416931,2.826999991416931,2.851999991416931,205619,67010928.0
20221111,2.939999991416931,2.979999991416931,2.899999991416931,2.939999991416931,405588,135942464.0
20221114,2.963999991416931,2.992999991416931,2.931999991416931,2.9409999914169314,333174,112575464.0
20221115,2.927999991416931,3.012999991416931,2.927999991416931,3.0059999914169313,292091,99310680.0
20221116,3.000999991416931,3.014999991416931,2.982999991416931,2.990999991416931,196003,66882188.0
20221117,2.9899999914169313,2.9899999914169313,2.9339999914169312,2.968999991416931,195669,65937816.0
20221118,2.970999991416931,2.987999991416931,2.947999991416931,2.955999991416931,202735,68555888.0
20221121,2.9409999914169314,2.9409999914169314,2.8889999914169313,2.927999991416931,193703,64316824.0
20221122,2.914999991416931,2.970999991416931,2.911999991416931,2.939999991416931,232909,78025800.0
20221123,2.9299999914169312,2.972999991416931,2.9299999914169312,2.9529999914169314,202933,68425480.0
20221124,2.9579999914169313,2.978999991416931,2.9329999914169314,2.9379999914169312,172697,58148520.0
20221125,2.931999991416931,2.972999991416931,2.927999991416931,2.9619999914169313,148683,50094304.0
20221128,2.9409999914169314,2.9409999914169314,2.8689999914169313,2.919999991416931,254715,84492624.0
20221129,2.923999991416931,3.031999991416931,2.923999991416931,3.0299999914169313,258366,88029352.0
20221130,3.024999991416931,3.0429999914169312,3.010999991416931,3.0259999914169313,207579,71485136.0
20221201,3.0709999914169313,3.103999991416931,3.0499999914169313,3.0579999914169314,244325,85279616.0
20221202,3.055999991416931,3.056999991416931,3.024999991416931,3.0339999914169313,170966,59112544.0
20221205,3.052999991416931,3.119999991416931,3.052999991416931,3.116999991416931,299135,104920552.0
20221206,3.100999991416931,3.144999991416931,3.091999991416931,3.115999991416931,268538,95043896.0
20221207,3.115999991416931,3.139999991416931,3.087999991416931,3.100999991416931,254998,89954944.0
20221208,3.0869999914169313,3.108999991416931,3.083999991416931,3.096999991416931,218277,76655208.0
20221209,3.0949999914169313,3.135999991416931,3.083999991416931,3.127999991416931,243496,85738352.0
20221212,3.1269999914169313,3.1269999914169313,3.084999991416931,3.087999991416931,196855,69316672.0
20221213,3.083999991416931,3.100999991416931,3.0779999914169314,3.085999991416931,162726,57019600.0
20221214,3.084999991416931,3.108999991416931,3.0739999914169314,3.093999991416931,352921,123797632.0
20221215,3.097999991416931,3.103999991416931,3.0669999914169312,3.083999991416931,260441,91014880.0
20221216,3.064999991416931,3.096999991416931,3.060999991416931,3.088999991416931,267813,93723336.0
20221219,3.0909999914169313,3.105999991416931,3.0139999914169313,3.0259999914169313,281803,97907928.0
20221220,3.014999991416931,3.035999991416931,2.9659999914169313,2.9859999914169313,277734,94901328.0
20221221,2.9819999914169313,3.002999991416931,2.974999991416931,2.9859999914169313,216433,73731320.0
20221222,2.990999991416931,3.027999991416931,2.975999991416931,2.986999991416931,222847,76169960.0
20221223,2.967999991416931,3.000999991416931,2.9619999914169313,2.986999991416931,233911,79522056.0
20221226,2.9859999914169313,2.999999991416931,2.9779999914169313,2.988999991416931,184522,62864496.0
20221227,2.992999991416931,3.031999991416931,2.992999991416931,3.026999991416931,209300,71862456.0
20221228,3.006999991416931,3.0379999914169313,3.006999991416931,3.024999991416931,176691,60751496.0
20221229,3.0139999914169313,3.0179999914169313,2.988999991416931,3.006999991416931,220551,75482480.0
20221230,3.016999991416931,3.044999991416931,3.014999991416931,3.032999991416931,843962,291262464.0
20230103,3.026999991416931,3.0459999914169313,2.987999991416931,3.0419999914169313,225806,77587144.0
20230104,3.039999991416931,3.056999991416931,3.031999991416931,3.0499999914169313,172855,59825216.0
20230105,3.0549999914169312,3.1109999914169313,3.0549999914169312,3.1029999914169313,243010,85305424.0
20230106,3.1029999914169313,3.125999991416931,3.100999991416931,3.115999991416931,206570,72878096.0
20230109,3.116999991416931,3.149999991416931,3.116999991416931,3.139999991416931,264506,93977176.0
20230110,3.1429999914169313,3.1509999914169313,3.129999991416931,3.133999991416931,238471,84753240.0
20230111,3.133999991416931,3.161999991416931,3.129999991416931,3.135999991416931,232875,83029680.0
20230112,3.143999991416931,3.152999991416931,3.128999991416931,3.140999991416931,310716,110512544.0
20230113,3.141999991416931,3.192999991416931,3.141999991416931,3.1919999914169312,300711,107742024.0
20230116,3.1869999914169314,3.2759999914169313,3.1869999914169314,3.242999991416931,442008,161869584.0
20230117,3.220999991416931,3.241999991416931,3.214999991416931,3.2279999914169313,236694,86234072.0
20230118,3.226999991416931,3.2399999914169313,3.2159999914169313,3.2159999914169313,219424,79958400.0
20230119,3.222999991416931,3.2359999914169313,3.189999991416931,3.2319999914169313,224008,81267712.0
20230120,3.233999991416931,3.269999991416931,3.233999991416931,3.260999991416931,303765,111586352.0
20230130,3.297999991416931,3.330999991416931,3.260999991416931,3.260999991416931,620682,229825328.0
20230131,3.261999991416931,3.277999991416931,3.2199999914169313,3.2239999914169313,399596,146495856.0
20230201,3.225999991416931,3.2519999914169313,3.201999991416931,3.2519999914169313,360790,131534680.0
20230202,3.268999991416931,3.268999991416931,3.225999991416931,3.241999991416931,254898,93203736.0
20230203,3.230999991416931,3.230999991416931,3.1719999914169312,3.200999991416931,342043,123372792.0
20230206,3.177999991416931,3.1789999914169313,3.133999991416931,3.152999991416931,273016,97416576.0
20230207,3.151999991416931,3.1749999914169313,3.149999991416931,3.164999991416931,328745,117730288.0
20230208,3.164999991416931,3.181999991416931,3.149999991416931,3.1589999914169313,242657,86897472.0
20230209,3.1549999914169313,3.1989999914169314,3.143999991416931,3.196999991416931,361930,130401832.0
20230210,3.197999991416931,3.197999991416931,3.1639999914169312,3.1749999914169313,215338,77339184.0
20230213,3.1719999914169312,3.201999991416931,3.159999991416931,3.1989999914169314,295977,106650104.0
20230214,3.2029999914169314,3.209999991416931,3.189999991416931,3.209999991416931,310411,112179976.0
20230215,3.200999991416931,3.221999991416931,3.176999991416931,3.1839999914169312,317020,114408168.0
20230216,3.1839999914169312,3.2319999914169313,3.1469999914169313,3.169999991416931,397768,144229600.0
20230217,3.172999991416931,3.181999991416931,3.121999991416931,3.123999991416931,464768,165984032.0
20230220,3.123999991416931,3.2279999914169313,3.123999991416931,3.221999991416931,578323,207204048.0
20230221,3.220999991416931,3.2439999914169313,3.209999991416931,3.236999991416931,366582,133659488.0
20230222,3.225999991416931,3.232999991416931,3.197999991416931,3.2039999914169313,292483,106160560.0
20230223,3.209999991416931,3.2239999914169313,3.184999991416931,3.197999991416931,269406,97528832.0
20230224,3.2039999914169313,3.2039999914169313,3.144999991416931,3.1629999914169313,350755,125546992.0
20230227,3.1549999914169313,3.173999991416931,3.140999991416931,3.153999991416931,273322,97686824.0
20230228,3.1709999914169313,3.180999991416931,3.1349999914169313,3.1789999914169313,248834,88859248.0
20230301,3.1789999914169313,3.233999991416931,3.1639999914169312,3.225999991416931,336870,122226704.0
20230302,3.217999991416931,3.238999991416931,3.213999991416931,3.2239999914169313,354689,129213632.0
20230303,3.2279999914169313,3.246999991416931,3.2159999914169313,3.242999991416931,840927,307014080.0
20230306,3.2439999914169313,3.246999991416931,3.200999991416931,3.2119999914169313,378470,137342560.0
20230307,3.2119999914169313,3.2319999914169313,3.161999991416931,3.1639999914169312,429889,155775792.0
20230308,3.1429999914169313,3.1629999914169313,3.135999991416931,3.153999991416931,337011,120194872.0
20230309,3.153999991416931,3.159999991416931,3.1189999914169313,3.139999991416931,383812,136507440.0
20230310,3.115999991416931,3.125999991416931,3.080999991416931,3.083999991416931,372425,131093008.0
20230313,3.0779999914169314,3.133999991416931,3.0779999914169314,3.131999991416931,311119,109954016.0
20230314,3.112999991416931,3.132999991416931,3.083999991416931,3.109999991416931,218774,77070528.0
20230315,3.128999991416931,3.141999991416931,3.113999991416931,3.121999991416931,327705,116072680.0
20230316,3.103999991416931,3.116999991416931,3.0749999914169313,3.079999991416931,401192,141127984.0
20230317,3.104999991416931,3.149999991416931,3.083999991416931,3.104999991416931,332819,117777920.0
20230320,3.113999991416931,3.119999991416931,3.0749999914169313,3.0789999914169313,298342,104940736.0
20230321,3.088999991416931,3.113999991416931,3.083999991416931,3.100999991416931,316151,111098344.0
20230322,3.1069999914169313,3.133999991416931,3.104999991416931,3.115999991416931,293814,103809760.0
20230323,3.103999991416931,3.148999991416931,3.101999991416931,3.148999991416931,284153,100807360.0
20230324,3.149999991416931,3.149999991416931,3.120999991416931,3.1309999914169313,341752,121182952.0
20230327,3.129999991416931,3.129999991416931,3.088999991416931,3.1029999914169313,284203,99975184.0
20230328,3.103999991416931,3.116999991416931,3.0989999914169313,3.105999991416931,258368,90995760.0
20230329,3.103999991416931,3.117999991416931,3.089999991416931,3.100999991416931,315009,110813720.0
20230330,3.100999991416931,3.129999991416931,3.084999991416931,3.128999991416931,295203,104082720.0
20230331,3.131999991416931,3.148999991416931,3.128999991416931,3.1389999914169313,281814,100185656.0
20230403,3.1389999914169313,3.165999991416931,3.136999991416931,3.1639999914169312,241872,86315768.0
20230404,3.1639999914169312,3.184999991416931,3.148999991416931,3.181999991416931,263790,94622232.0
20230406,3.164999991416931,3.184999991416931,3.164999991416931,3.177999991416931,268587,96479648.0
20230407,3.180999991416931,3.205999991416931,3.1749999914169313,3.1989999914169314,244127,88185728.0
20230410,3.2039999914169313,3.2069999914169314,3.1829999914169314,3.184999991416931,211196,76233272.0
20230411,3.184999991416931,3.1959999914169313,3.164999991416931,3.1749999914169313,297068,106792784.0
20230412,3.1749999914169313,3.184999991416931,3.169999991416931,3.177999991416931,192286,69102072.0
20230413,3.1549999914169313,3.184999991416931,3.1549999914169313,3.172999991416931,212429,76217576.0
20230414,3.1839999914169312,3.196999991416931,3.1759999914169312,3.1949999914169314,198155,71423520.0
20230417,3.193999991416931,3.2599999914169313,3.193999991416931,3.2599999914169313,335548,122261048.0
20230418,3.2599999914169313,3.277999991416931,3.246999991416931,3.276999991416931,266329,98113000.0
20230419,3.268999991416931,3.273999991416931,3.241999991416931,3.249999991416931,266188,97862784.0
20230420,3.236999991416931,3.2519999914169313,3.2159999914169313,3.2359999914169313,367511,133948056.0
20230421,3.242999991416931,3.242999991416931,3.161999991416931,3.1669999914169313,332410,120455432.0
20230424,3.1549999914169313,3.1679999914169312,3.111999991416931,3.128999991416931,404843,144054928.0
20230425,3.127999991416931,3.139999991416931,3.087999991416931,3.123999991416931,374954,132390376.0
20230426,3.123999991416931,3.123999991416931,3.093999991416931,3.1109999914169313,416029,146818176.0
20230427,3.1029999914169313,3.152999991416931,3.1029999914169313,3.145999991416931,229883,81402560.0
20230428,3.144999991416931,3.1869999914169314,3.144999991416931,3.184999991416931,296266,106275096.0
20230504,3.1839999914169312,3.2039999914169313,3.153999991416931,3.1999999914169313,279929,100843912.0
20230505,3.2069999914169314,3.2279999914169313,3.1799999914169312,3.1919999914169312,283478,102569384.0
20230508,3.193999991416931,3.2679999914169313,3.193999991416931,3.2599999914169313,352347,128705096.0
20230509,3.269999991416931,3.286999991416931,3.221999991416931,3.2239999914169313,326978,120281472.0
20230510,3.221999991416931,3.221999991416931,3.1679999914169312,3.177999991416931,311484,112344048.0
20230511,3.177999991416931,3.193999991416931,3.157999991416931,3.161999991416931,215031,77217136.0
20230512,3.1629999914169313,3.1679999914169312,3.108999991416931,3.1109999914169313,632730,224069712.0
20230515,3.109999991416931,3.168999991416931,3.0949999914169313,3.1639999914169312,385134,136033472.0
20230516,3.165999991416931,3.176999991416931,3.141999991416931,3.151999991416931,345084,123472232.0
20230517,3.136999991416931,3.1589999914169313,3.116999991416931,3.127999991416931,371458,131908632.0
20230518,3.145999991416931,3.152999991416931,3.115999991416931,3.131999991416931,389119,138302256.0
20230519,3.1189999914169313,3.1389999914169313,3.0989999914169313,3.1149999914169313,332345,117368016.0
20230522,3.133999991416931,3.155999991416931,3.105999991416931,3.136999991416931,384652,136460288.0
20230523,3.140999991416931,3.140999991416931,3.0789999914169313,3.0789999914169313,379658,133741592.0
20230524,3.0779999914169314,3.0779999914169314,3.024999991416931,3.0259999914169313,352099,122045856.0
20230525,3.024999991416931,3.024999991416931,2.988999991416931,3.018999991416931,392061,134326496.0
20230526,3.028999991416931,3.032999991416931,2.9899999914169313,3.026999991416931,358620,123009232.0
20230529,3.024999991416931,3.0419999914169313,3.003999991416931,3.0179999914169313,355796,122161576.0
20230530,3.012999991416931,3.028999991416931,2.971999991416931,3.010999991416931,447439,152858944.0
20230531,3.011999991416931,3.011999991416931,2.962999991416931,2.975999991416931,435482,147866496.0
20230601,2.971999991416931,3.011999991416931,2.9659999914169313,2.9819999914169313,399647,136293344.0
20230602,2.9939999914169313,3.0339999914169313,2.9939999914169313,3.026999991416931,353778,121585280.0
20230605,3.0299999914169313,3.0339999914169313,3.0019999914169313,3.012999991416931,334352,114765936.0
20230606,3.011999991416931,3.0459999914169313,2.979999991416931,2.9859999914169313,356568,122412800.0
20230607,2.9899999914169313,3.006999991416931,2.966999991416931,2.979999991416931,398649,135703120.0
20230608,2.983999991416931,3.024999991416931,2.963999991416931,3.0099999914169313,396996,135294160.0
20230609,3.008999991416931,3.030999991416931,3.004999991416931,3.028999991416931,283844,97524800.0
20230612,3.0219999914169313,3.0389999914169312,3.006999991416931,3.019999991416931,214023,73586992.0
20230613,3.019999991416931,3.0389999914169312,3.0099999914169313,3.036999991416931,208772,71860304.0
20230614,3.0339999914169313,3.064999991416931,3.032999991416931,3.035999991416931,276856,95956528.0
20230615,3.0419999914169313,3.079999991416931,3.039999991416931,3.0779999914169314,261684,90798024.0
20230616,3.0819999914169314,3.117999991416931,3.0819999914169314,3.112999991416931,287571,101058448.0
20230619,3.108999991416931,3.108999991416931,3.0749999914169313,3.079999991416931,165776,58008956.0
20230620,3.0779999914169314,3.084999991416931,3.0539999914169313,3.0699999914169314,226285,78907312.0
20230621,3.064999991416931,3.064999991416931,3.023999991416931,3.0259999914169313,180790,62632704.0
20230626,3.0099999914169313,3.023999991416931,2.968999991416931,2.9779999914169313,266681,90603848.0
20230627,2.978999991416931,3.0099999914169313,2.967999991416931,3.002999991416931,208009,70917632.0
20230628,2.9979999914169313,3.014999991416931,2.9819999914169313,3.0139999914169313,200302,68427608.0
20230629,3.0099999914169313,3.011999991416931,2.990999991416931,2.999999991416931,130896,44713208.0
20230630,2.9979999914169313,3.031999991416931,2.995999991416931,3.018999991416931,253477,86988240.0
20230703,3.0259999914169313,3.068999991416931,3.0259999914169313,3.0629999914169312,188521,65448472.0
20230704,3.0589999914169312,3.067999991416931,3.0539999914169313,3.0669999914169312,129641,45083304.0
20230705,3.064999991416931,3.0659999914169314,3.039999991416931,3.0459999914169313,166181,57573168.0
20230706,3.044999991416931,3.0539999914169313,3.015999991416931,3.0259999914169313,185345,63964020.0
20230707,3.020999991416931,3.031999991416931,3.008999991416931,3.0219999914169313,153846,52823728.0
20230710,3.035999991416931,3.0469999914169312,3.018999991416931,3.026999991416931,186201,64184968.0
20230711,3.0299999914169313,3.0499999914169313,3.028999991416931,3.0469999914169312,168475,58245648.0
20230712,3.044999991416931,3.0579999914169314,3.026999991416931,3.031999991416931,207077,71716584.0
20230713,3.051999991416931,3.088999991416931,3.0509999914169312,3.0869999914169313,185497,64753108.0
20230714,3.087999991416931,3.100999991416931,3.0869999914169313,3.092999991416931,149124,52352280.0
20230717,3.0909999914169313,3.0909999914169313,3.0539999914169313,3.0709999914169313,159106,55327212.0
20230718,3.0699999914169314,3.0739999914169314,3.0509999914169312,3.060999991416931,182792,63572212.0
20230719,3.059999991416931,3.0669999914169312,3.0459999914169313,3.063999991416931,233309,80991072.0
20230720,3.0659999914169314,3.085999991416931,3.039999991416931,3.0429999914169312,230751,80334240.0
20230721,3.0419999914169313,3.0709999914169313,3.035999991416931,3.0499999914169313,181950,63129836.0
20230724,3.0419999914169313,3.0549999914169312,3.027999991416931,3.0379999914169313,477007,164863392.0
20230725,3.0589999914169312,3.143999991416931,3.0589999914169312,3.137999991416931,497346,176189184.0
20230726,3.135999991416931,3.143999991416931,3.123999991416931,3.136999991416931,383213,136071680.0
20230727,3.136999991416931,3.159999991416931,3.125999991416931,3.1309999914169313,379194,134913616.0
20230728,3.1189999914169313,3.2359999914169313,3.107999991416931,3.2239999914169313,474269,170910320.0
20230731,3.241999991416931,3.289999991416931,3.2279999914169313,3.234999991416931,383196,140515360.0
20230801,3.232999991416931,3.2519999914169313,3.214999991416931,3.220999991416931,887590,323307680.0
20230802,3.210999991416931,3.2319999914169313,3.1869999914169314,3.1909999914169314,843298,304644736.0
20230803,3.184999991416931,3.226999991416931,3.1839999914169312,3.225999991416931,300967,108898920.0
20230804,3.241999991416931,3.277999991416931,3.230999991416931,3.233999991416931,247968,90973712.0
20230807,3.2279999914169313,3.2279999914169313,3.201999991416931,3.217999991416931,280446,101672856.0
20230808,3.213999991416931,3.225999991416931,3.185999991416931,3.2039999914169313,239362,86624680.0
20230809,3.1989999914169314,3.2119999914169313,3.188999991416931,3.1949999914169314,160900,58157348.0
20230810,3.193999991416931,3.204999991416931,3.1749999914169313,3.200999991416931,210430,75905472.0
20230811,3.193999991416931,3.200999991416931,3.113999991416931,3.1189999914169313,234707,83624016.0
20230814,3.103999991416931,3.103999991416931,3.064999991416931,3.093999991416931,309014,108193368.0
20230815,3.084999991416931,3.108999991416931,3.063999991416931,3.093999991416931,327281,114780480.0
20230816,3.0829999914169313,3.1029999914169313,3.0699999914169314,3.0709999914169313,541409,189516064.0
20230817,3.067999991416931,3.0909999914169313,3.0459999914169313,3.089999991416931,233334,81290800.0
20230818,3.087999991416931,3.099999991416931,3.0469999914169312,3.0499999914169313,227008,79238480.0
20230821,3.0459999914169313,3.0459999914169313,3.000999991416931,3.000999991416931,249879,85982192.0
20230822,3.0059999914169313,3.0379999914169313,2.982999991416931,3.032999991416931,264387,90629984.0
20230823,3.0299999914169313,3.0299999914169313,2.975999991416931,2.979999991416931,257226,88077856.0
20230824,2.986999991416931,3.024999991416931,2.983999991416931,2.996999991416931,228986,78375520.0
20230825,2.987999991416931,3.015999991416931,2.976999991416931,2.9939999914169313,272068,92739928.0
20230828,3.173999991416931,3.1839999914169312,3.0219999914169313,3.039999991416931,348789,122374680.0
20230829,3.024999991416931,3.072999991416931,3.024999991416931,3.059999991416931,228690,79236112.0
20230830,3.0579999914169314,3.0669999914169312,3.0419999914169313,3.048999991416931,211018,73205664.0
20230831,3.0459999914169313,3.0549999914169312,3.022999991416931,3.031999991416931,205763,70990400.0
20230901,3.0339999914169313,3.067999991416931,3.032999991416931,3.0509999914169312,121765,42236588.0
20230904,3.063999991416931,3.119999991416931,3.063999991416931,3.1109999914169313,195462,68721200.0
20230905,3.108999991416931,3.108999991416931,3.0829999914169313,3.0869999914169313,146662,51457728.0
20230906,3.072999991416931,3.091999991416931,3.063999991416931,3.0869999914169313,127627,44583112.0
20230907,3.083999991416931,3.083999991416931,3.040999991416931,3.044999991416931,166128,57717408.0
20230908,3.0339999914169313,3.043999991416931,3.0219999914169313,3.0339999914169313,108050,37241840.0
20230911,3.0339999914169313,3.0749999914169313,3.0259999914169313,3.0549999914169312,142285,49384616.0
20230912,3.0499999914169313,3.0589999914169312,3.043999991416931,3.048999991416931,127194,44069364.0
20230913,3.048999991416931,3.0589999914169312,3.015999991416931,3.0339999914169313,235428,81159288.0
20230914,3.026999991416931,3.048999991416931,3.024999991416931,3.039999991416931,143808,49676872.0
20230915,3.0499999914169313,3.059999991416931,3.0139999914169313,3.024999991416931,166033,57293504.0
20230918,3.020999991416931,3.040999991416931,3.003999991416931,3.034999991416931,163643,56413016.0
20230919,3.035999991416931,3.0389999914169312,3.018999991416931,3.036999991416931,138554,47728552.0
20230920,3.035999991416931,3.035999991416931,3.020999991416931,3.023999991416931,96632,33275932.0
20230921,3.022999991416931,3.028999991416931,2.9939999914169313,2.994999991416931,169172,57869492.0
20230922,2.992999991416931,3.0589999914169312,2.986999991416931,3.0579999914169314,193902,66721508.0
20230925,3.056999991416931,3.056999991416931,3.0299999914169313,3.0389999914169312,161914,55928800.0
20230926,3.031999991416931,3.0419999914169313,3.011999991416931,3.019999991416931,126467,43505132.0
20230927,3.019999991416931,3.047999991416931,3.016999991416931,3.0299999914169313,159035,54836656.0
20230928,3.027999991416931,3.034999991416931,3.007999991416931,3.008999991416931,199612,68488416.0
20231009,3.006999991416931,3.006999991416931,2.967999991416931,3.000999991416931,124951,42553328.0
20231010,3.0059999914169313,3.015999991416931,2.967999991416931,2.968999991416931,148742,50631556.0
20231011,2.971999991416931,2.992999991416931,2.968999991416931,2.978999991416931,165353,56137100.0
20231012,2.995999991416931,3.020999991416931,2.995999991416931,3.012999991416931,179023,61301072.0
20231013,2.984999991416931,2.992999991416931,2.972999991416931,2.9819999914169313,146319,49709208.0
20231016,2.9819999914169313,2.984999991416931,2.9419999914169312,2.955999991416931,624095,210081376.0
20231017,2.9539999914169313,2.970999991416931,2.9449999914169314,2.9659999914169313,222837,75254872.0
20231018,2.960999991416931,2.966999991416931,2.942999991416931,2.947999991416931,257043,86564736.0
20231019,2.9419999914169312,2.9419999914169312,2.8649999914169313,2.875999991416931,741980,245446320.0
20231020,2.871999991416931,2.874999991416931,2.843999991416931,2.8569999914169313,410126,134329856.0
20231023,2.853999991416931,2.853999991416931,2.7919999914169313,2.8159999914169314,490087,158252848.0
20231024,2.8239999914169314,2.8369999914169313,2.798999991416931,2.8319999914169314,376840,122038504.0
20231025,2.854999991416931,2.874999991416931,2.8449999914169313,2.850999991416931,257236,84250496.0
20231026,2.843999991416931,2.861999991416931,2.8319999914169314,2.857999991416931,183785,59960452.0
20231027,2.843999991416931,2.907999991416931,2.843999991416931,2.8929999914169313,284921,93664800.0
20231030,2.890999991416931,2.899999991416931,2.8729999914169313,2.889999991416931,578724,191118000.0
20231031,2.8889999914169313,2.891999991416931,2.8689999914169313,2.886999991416931,170089,56061840.0
20231101,2.903999991416931,2.926999991416931,2.882999991416931,2.895999991416931,354309,117271616.0
20231102,2.8889999914169313,2.9209999914169313,2.882999991416931,2.883999991416931,153587,50910548.0
20231103,2.886999991416931,2.9209999914169313,2.885999991416931,2.903999991416931,216356,71900416.0
20231106,2.919999991416931,2.938999991416931,2.914999991416931,2.9339999914169312,215153,71987392.0
20231107,2.9339999914169312,2.9339999914169312,2.909999991416931,2.923999991416931,151489,50553248.0
20231108,2.923999991416931,2.923999991416931,2.895999991416931,2.910999991416931,222116,73954288.0
20231109,2.907999991416931,2.923999991416931,2.902999991416931,2.9139999914169312,196670,65491656.0
20231110,2.9049999914169313,2.9049999914169313,2.879999991416931,2.8889999914169313,193504,63906640.0
20231113,2.8929999914169313,2.898999991416931,2.866999991416931,2.886999991416931,209140,68860656.0
20231114,2.879999991416931,2.9049999914169313,2.874999991416931,2.890999991416931,222979,73724720.0
20231115,2.905999991416931,2.923999991416931,2.899999991416931,2.907999991416931,244533,81371776.0
20231116,2.909999991416931,2.909999991416931,2.878999991416931,2.881999991416931,290815,96016392.0
20231117,2.869999991416931,2.879999991416931,2.8529999914169313,2.875999991416931,414322,135856176.0
20231120,2.875999991416931,2.893999991416931,2.853999991416931,2.883999991416931,296875,97768800.0
20231121,2.890999991416931,2.919999991416931,2.886999991416931,2.8929999914169313,247173,82083112.0
20231122,2.887999991416931,2.8929999914169313,2.861999991416931,2.861999991416931,209618,69087680.0
20231123,2.8609999914169313,2.881999991416931,2.850999991416931,2.878999991416931,191988,62948396.0
20231124,2.8769999914169313,2.8769999914169313,2.8529999914169313,2.857999991416931,208738,68422264.0
20231127,2.851999991416931,2.851999991416931,2.8119999914169314,2.834999991416931,165879,53739824.0
20231128,2.826999991416931,2.8369999914169313,2.8209999914169313,2.834999991416931,193075,62666772.0
20231129,2.833999991416931,2.8369999914169313,2.8039999914169313,2.814999991416931,209657,67777344.0
20231130,2.8129999914169312,2.830999991416931,2.806999991416931,2.8239999914169314,208478,67464288.0
20231201,2.8039999914169313,2.8209999914169313,2.786999991416931,2.810999991416931,249398,80274016.0
20231204,2.813999991416931,2.817999991416931,2.7919999914169313,2.7929999914169312,248868,80068664.0
20231205,2.786999991416931,2.793999991416931,2.726999991416931,2.734999991416931,256464,81432728.0
20231206,2.728999991416931,2.749999991416931,2.713999991416931,2.7279999914169313,232790,73301480.0
20231207,2.721999991416931,2.729999991416931,2.6999999914169313,2.722999991416931,175751,55007264.0
20231208,2.732999991416931,2.7359999914169313,2.7159999914169313,2.7239999914169313,151304,47576076.0
20231211,2.7239999914169313,2.754999991416931,2.6799999914169312,2.7439999914169313,204506,63863920.0
20231212,2.7399999914169313,2.758999991416931,2.733999991416931,2.757999991416931,140272,44363620.0
20231213,2.7519999914169313,2.7519999914169313,2.701999991416931,2.704999991416931,166392,52301736.0
20231214,2.713999991416931,2.730999991416931,2.6909999914169314,2.6919999914169312,174746,54673680.0
20231215,2.697999991416931,2.7279999914169313,2.681999991416931,2.681999991416931,205807,64247380.0
20231218,2.681999991416931,2.6949999914169314,2.655999991416931,2.6759999914169312,165867,51381016.0
20231219,2.676999991416931,2.6949999914169314,2.6639999914169312,2.680999991416931,193191,59794696.0
20231220,2.6879999914169312,2.6909999914169314,2.653999991416931,2.6549999914169313,335509,103697504.0
20231221,2.653999991416931,2.693999991416931,2.6469999914169313,2.6879999914169312,338705,104817448.0
20231222,2.6879999914169312,2.712999991416931,2.6719999914169312,2.6959999914169313,293573,91335624.0
20231225,2.6949999914169314,2.7069999914169314,2.689999991416931,2.6999999914169313,195897,61017584.0
20231226,2.696999991416931,2.696999991416931,2.6749999914169313,2.684999991416931,244524,75769720.0
20231227,2.685999991416931,2.700999991416931,2.668999991416931,2.6989999914169314,289016,89636560.0
20231228,2.688999991416931,2.770999991416931,2.688999991416931,2.768999991416931,325441,102807592.0
20231229,2.765999991416931,2.7719999914169313,2.752999991416931,2.765999991416931,257294,81823096.0
20240102,2.765999991416931,2.7679999914169313,2.732999991416931,2.733999991416931,216025,68217672.0
20240103,2.733999991416931,2.7439999914169313,2.7239999914169313,2.738999991416931,384832,121168248.0
20240104,2.725999991416931,2.7359999914169313,2.692999991416931,2.7159999914169313,213798,66764136.0
20240105,2.713999991416931,2.736999991416931,2.6879999914169312,2.701999991416931,204480,64109960.0
20240108,2.692999991416931,2.7039999914169313,2.656999991416931,2.6589999914169313,192062,59362936.0
20240109,2.661999991416931,2.673999991416931,2.6509999914169313,2.6669999914169313,197265,60744992.0
20240110,2.6639999914169312,2.684999991416931,2.649999991416931,2.652999991416931,210120,64676608.0
20240111,2.652999991416931,2.6749999914169313,2.639999991416931,2.664999991416931,201296,61882204.0
20240112,2.660999991416931,2.676999991416931,2.645999991416931,2.651999991416931,174969,53872984.0
20240115,2.645999991416931,2.677999991416931,2.635999991416931,2.649999991416931,144602,44393288.0
20240116,2.651999991416931,2.6709999914169313,2.632999991416931,2.6679999914169312,171228,52497736.0
20240117,2.660999991416931,2.660999991416931,2.604999991416931,2.609999991416931,197778,60432116.0
20240118,2.603999991416931,2.6639999914169312,2.5469999914169312,2.6469999914169313,298926,89865232.0
20240119,2.635999991416931,2.655999991416931,2.617999991416931,2.648999991416931,270512,82596680.0
20240122,2.636999991416931,2.655999991416931,2.5739999914169314,2.605999991416931,208190,63486436.0
20240123,2.604999991416931,2.628999991416931,2.572999991416931,2.613999991416931,259469,78415512.0
20240124,2.631999991416931,2.668999991416931,2.580999991416931,2.6589999914169313,210487,63695520.0
20240125,2.659999991416931,2.740999991416931,2.653999991416931,2.729999991416931,386082,120789600.0
20240126,2.722999991416931,2.745999991416931,2.713999991416931,2.733999991416931,222733,70033944.0
20240129,2.734999991416931,2.750999991416931,2.7159999914169313,2.716999991416931,155320,48882408.0
20240130,2.709999991416931,2.714999991416931,2.665999991416931,2.6759999914169312,254072,79023080.0
20240131,2.6639999914169312,2.6719999914169312,2.621999991416931,2.629999991416931,296692,90768912.0
20240201,2.628999991416931,2.6629999914169313,2.615999991416931,2.641999991416931,243050,74358360.0
20240202,2.641999991416931,2.6589999914169313,2.535999991416931,2.6109999914169313,314438,95262496.0
20240205,2.588999991416931,2.643999991416931,2.552999991416931,2.621999991416931,473489,142733024.0
20240206,2.613999991416931,2.7199999914169313,2.5989999914169313,2.7159999914169313,188053,58136504.0
20240207,2.718999991416931,2.749999991416931,2.700999991416931,2.748999991416931,213989,67190672.0
20240208,2.793999991416931,2.793999991416931,2.737999991416931,2.762999991416931,197337,62544468.0
20240219,2.7919999914169313,2.7959999914169313,2.760999991416931,2.794999991416931,512945,163852672.0
20240220,2.7929999914169312,2.809999991416931,2.777999991416931,2.8009999914169312,292796,94015784.0
20240221,2.7929999914169312,2.8929999914169313,2.7889999914169312,2.854999991416931,216292,70752504.0
20240222,2.854999991416931,2.8809999914169313,2.843999991416931,2.878999991416931,287858,94313264.0
20240223,2.878999991416931,2.899999991416931,2.871999991416931,2.883999991416931,559257,184470640.0
20240226,2.885999991416931,2.885999991416931,2.835999991416931,2.838999991416931,227224,74401816.0
20240227,2.833999991416931,2.8729999914169313,2.825999991416931,2.871999991416931,336329,109592576.0
20240228,2.871999991416931,2.8929999914169313,2.842999991416931,2.847999991416931,324280,106568616.0
20240229,2.851999991416931,2.886999991416931,2.8289999914169313,2.885999991416931,370731,121605696.0
20240301,2.8889999914169313,2.9089999914169313,2.870999991416931,2.898999991416931,1271985,421080416.0
20240304,2.8849999914169313,2.911999991416931,2.882999991416931,2.909999991416931,287709,95462800.0
20240305,2.897999991416931,2.9409999914169314,2.891999991416931,2.934999991416931,272031,90811208.0
20240306,2.931999991416931,2.9419999914169312,2.729999991416931,2.9169999914169313,227457,76063776.0
20240307,2.910999991416931,2.9409999914169314,2.8969999914169313,2.902999991416931,222713,74112544.0
20240308,2.9009999914169313,2.9219999914169312,2.891999991416931,2.914999991416931,228357,75968384.0
20240311,2.9179999914169312,2.947999991416931,2.907999991416931,2.943999991416931,169719,56738384.0
20240312,2.9449999914169314,2.9569999914169314,2.930999991416931,2.9409999914169314,211129,70906352.0
20240313,2.9409999914169314,2.9409999914169314,2.906999991416931,2.919999991416931,183052,61116552.0
20240314,2.9089999914169313,2.9379999914169312,2.891999991416931,2.905999991416931,181061,60264116.0
20240315,2.897999991416931,2.9219999914169312,2.886999991416931,2.915999991416931,240640,79734176.0
20240318,2.9179999914169312,2.9409999914169314,2.911999991416931,2.939999991416931,243810,81614176.0
20240319,2.9419999914169312,2.942999991416931,2.910999991416931,2.911999991416931,229457,76711448.0
20240320,2.9139999914169312,2.926999991416931,2.901999991416931,2.915999991416931,191438,63806992.0
20240321,2.9179999914169312,2.939999991416931,2.915999991416931,2.922999991416931,220205,73550560.0
20240322,2.9209999914169313,2.9209999914169313,2.866999991416931,2.891999991416931,265960,87786544.0
20240325,2.873999991416931,2.910999991416931,2.873999991416931,2.885999991416931,254087,84072560.0
20240326,2.885999991416931,2.898999991416931,2.873999991416931,2.8929999914169313,194595,64232816.0
20240327,2.890999991416931,2.898999991416931,2.869999991416931,2.870999991416931,202707,66926888.0
20240328,2.8689999914169313,2.903999991416931,2.855999991416931,2.877999991416931,273094,90015848.0
20240329,2.874999991416931,2.8969999914169313,2.870999991416931,2.889999991416931,213650,70541064.0
20240401,2.897999991416931,2.943999991416931,2.897999991416931,2.9379999914169312,229489,76848640.0
20240402,2.9419999914169312,2.9419999914169312,2.9129999914169313,2.923999991416931,224549,75020608.0
20240403,2.9179999914169312,2.927999991416931,2.901999991416931,2.915999991416931,267332,89046888.0
20240408,2.9129999914169313,2.918999991416931,2.8849999914169313,2.894999991416931,271915,90228088.0
20240409,2.9009999914169313,2.9009999914169313,2.874999991416931,2.8849999914169313,232810,76868712.0
20240410,2.878999991416931,2.889999991416931,2.854999991416931,2.8689999914169313,260536,85640872.0
20240411,2.858999991416931,2.8849999914169313,2.851999991416931,2.8689999914169313,272062,89428664.0
20240412,2.8649999914169313,2.883999991416931,2.841999991416931,2.847999991416931,247509,81233328.0
20240415,2.846999991416931,2.915999991416931,2.845999991416931,2.911999991416931,216590,71782760.0
20240416,2.915999991416931,2.915999991416931,2.8729999914169313,2.887999991416931,177939,58933744.0
20240417,2.885999991416931,2.9329999914169314,2.873999991416931,2.930999991416931,196516,65190324.0
20240418,2.926999991416931,2.968999991416931,2.9209999914169313,2.934999991416931,232925,78282240.0
20240419,2.934999991416931,2.938999991416931,2.9089999914169313,2.915999991416931,187368,62558288.0
20240422,2.9209999914169313,2.938999991416931,2.902999991416931,2.9049999914169313,128366,42824072.0
20240423,2.902999991416931,2.9089999914169313,2.873999991416931,2.882999991416931,315489,104144704.0
20240424,2.882999991416931,2.901999991416931,2.875999991416931,2.897999991416931,200637,66363588.0
20240425,2.8969999914169313,2.918999991416931,2.883999991416931,2.907999991416931,186004,61713568.0
20240426,2.897999991416931,2.9619999914169313,2.897999991416931,2.9529999914169314,188392,63284384.0
20240429,2.9579999914169313,2.994999991416931,2.947999991416931,2.976999991416931,136993,46449548.0
20240430,2.976999991416931,2.984999991416931,2.959999991416931,2.9619999914169313,148850,50386064.0
20240506,3.004999991416931,3.011999991416931,2.988999991416931,3.002999991416931,195241,66724200.0
20240507,3.007999991416931,3.010999991416931,2.988999991416931,3.0059999914169313,141273,48294044.0
20240508,3.003999991416931,3.026999991416931,2.979999991416931,2.9819999914169313,174197,59374808.0
20240509,2.976999991416931,3.014999991416931,2.976999991416931,3.0099999914169313,198996,68090864.0
20240510,3.022999991416931,3.0259999914169313,2.994999991416931,3.020999991416931,288615,99025680.0
20240513,3.007999991416931,3.0299999914169313,2.992999991416931,3.022999991416931,237133,81356200.0
20240514,3.0219999914169313,3.028999991416931,3.004999991416931,3.0139999914169313,183994,63075488.0
20240515,3.006999991416931,3.0139999914169313,2.978999991416931,2.982999991416931,176286,60136072.0
20240516,2.983999991416931,3.006999991416931,2.983999991416931,2.992999991416931,150480,51337228.0
20240517,2.991999991416931,3.031999991416931,2.911999991416931,3.026999991416931,253048,86462600.0
20240520,3.026999991416931,3.0579999914169314,3.026999991416931,3.047999991416931,243937,84407440.0
20240521,3.0339999914169313,3.0419999914169313,3.023999991416931,3.032999991416931,138258,47707960.0
20240522,3.030999991416931,3.0459999914169313,3.026999991416931,3.040999991416931,144556,49943844.0
20240523,3.032999991416931,3.032999991416931,2.992999991416931,2.999999991416931,267890,91741360.0
20240524,2.998999991416931,3.0059999914169313,2.9579999914169313,2.9659999914169313,146773,49966296.0
20240527,2.975999991416931,3.002999991416931,2.971999991416931,3.002999991416931,90760,30856936.0
20240528,3.000999991416931,3.006999991416931,2.979999991416931,2.9859999914169313,156987,53579152.0
20240529,2.979999991416931,3.011999991416931,2.979999991416931,2.990999991416931,131596,44888552.0
20240530,2.9899999914169313,2.998999991416931,2.960999991416931,2.967999991416931,132471,44926936.0
20240531,2.9699999914169313,2.983999991416931,2.954999991416931,2.958999991416931,125469,42471608.0
20240603,2.9579999914169313,2.970999991416931,2.939999991416931,2.9569999914169314,128099,43171896.0
20240604,2.9569999914169314,2.9899999914169313,2.9499999914169313,2.9819999914169313,140929,47751632.0
20240605,2.983999991416931,2.983999991416931,2.958999991416931,2.959999991416931,95912,32467724.0
20240606,2.964999991416931,2.990999991416931,2.9539999914169313,2.962999991416931,139287,47264064.0
20240607,2.963999991416931,2.978999991416931,2.935999991416931,2.955999991416931,235358,79238984.0
20240611,2.9539999914169313,2.9539999914169313,2.910999991416931,2.9249999914169313,161062,53775252.0
20240612,2.918999991416931,2.926999991416931,2.907999991416931,2.923999991416931,82612,27560212.0
20240613,2.926999991416931,2.927999991416931,2.899999991416931,2.9089999914169313,93279,31028688.0
20240614,2.909999991416931,2.9289999914169313,2.893999991416931,2.923999991416931,163834,54500516.0
20240617,2.911999991416931,2.9129999914169313,2.8969999914169313,2.903999991416931,112604,37385260.0
20240618,2.903999991416931,2.922999991416931,2.893999991416931,2.9139999914169312,166706,55454748.0
20240619,2.911999991416931,2.922999991416931,2.906999991416931,2.9139999914169312,191871,63942124.0
20240620,2.9139999914169312,2.923999991416931,2.897999991416931,2.901999991416931,125651,41768024.0
20240621,2.898999991416931,2.906999991416931,2.874999991416931,2.897999991416931,237995,78750256.0
20240624,2.8849999914169313,2.9089999914169313,2.8729999914169313,2.883999991416931,200917,66392352.0
20240625,2.886999991416931,2.890999991416931,2.849999991416931,2.8689999914169313,205261,67461952.0
20240626,2.8649999914169313,2.889999991416931,2.8529999914169313,2.885999991416931,140505,46167100.0
20240627,2.882999991416931,2.882999991416931,2.855999991416931,2.865999991416931,97199,31928716.0
20240628,2.871999991416931,2.901999991416931,2.861999991416931,2.885999991416931,147992,48906296.0
20240701,2.883999991416931,2.907999991416931,2.874999991416931,2.905999991416931,172112,56916800.0
20240702,2.895999991416931,2.9169999914169313,2.895999991416931,2.9129999914169313,132267,43997928.0
20240703,2.905999991416931,2.910999991416931,2.895999991416931,2.902999991416931,134600,44657676.0
20240704,2.905999991416931,2.922999991416931,2.8889999914169313,2.890999991416931,186199,61716568.0
20240705,2.883999991416931,2.893999991416931,2.845999991416931,2.8729999914169313,263711,86546800.0
20240708,2.871999991416931,2.877999991416931,2.8489999914169313,2.858999991416931,199573,65469744.0
20240709,2.855999991416931,2.901999991416931,2.841999991416931,2.893999991416931,230670,75792376.0
20240710,2.8969999914169313,2.902999991416931,2.882999991416931,2.887999991416931,164324,54368504.0
20240711,2.903999991416931,2.926999991416931,2.8969999914169313,2.9259999914169312,204897,68286808.0
20240712,2.926999991416931,2.9369999914169314,2.9219999914169312,2.934999991416931,143055,47860000.0
20240715,2.923999991416931,2.946999991416931,2.9219999914169312,2.942999991416931,141361,47442928.0
20240716,2.942999991416931,2.9619999914169313,2.9339999914169312,2.9619999914169313,135212,45489336.0
20240717,2.9619999914169313,2.976999991416931,2.954999991416931,2.970999991416931,180861,61166876.0
20240718,2.968999991416931,2.986999991416931,2.947999991416931,2.986999991416931,203271,68727048.0
20240719,2.979999991416931,3.0139999914169313,2.960999991416931,3.004999991416931,187533,63928792.0
20240722,3.002999991416931,3.003999991416931,2.959999991416931,2.980999991416931,165943,56328344.0
20240723,2.967999991416931,2.980999991416931,2.9209999914169313,2.922999991416931,220049,74073136.0
20240724,2.922999991416931,2.9339999914169312,2.9009999914169313,2.909999991416931,182161,60695604.0
20240725,2.909999991416931,2.909999991416931,2.871999991416931,2.886999991416931,191823,63319536.0
20240726,2.877999991416931,2.899999991416931,2.870999991416931,2.887999991416931,168100,55424368.0
20240729,2.885999991416931,2.8969999914169313,2.871999991416931,2.882999991416931,192258,63451236.0
20240730,2.8769999914169313,2.8769999914169313,2.845999991416931,2.863999991416931,197421,64595056.0
20240731,2.863999991416931,2.9289999914169313,2.855999991416931,2.9289999914169313,181798,60094756.0
20240801,2.918999991416931,2.931999991416931,2.9089999914169313,2.9089999914169313,135938,45313620.0
20240802,2.899999991416931,2.905999991416931,2.874999991416931,2.882999991416931,183139,60523952.0
20240805,2.871999991416931,2.898999991416931,2.839999991416931,2.8409999914169313,303005,99595384.0
20240806,2.859999991416931,2.8689999914169313,2.813999991416931,2.833999991416931,178930,58068936.0
20240807,2.833999991416931,2.857999991416931,2.8239999914169314,2.835999991416931,145145,47289932.0
20240808,2.829999991416931,2.859999991416931,2.8209999914169313,2.842999991416931,139097,45229872.0
20240809,2.849999991416931,2.861999991416931,2.8329999914169313,2.833999991416931,152966,49901592.0
20240812,2.8289999914169313,2.838999991416931,2.821999991416931,2.8329999914169313,174201,56549792.0
20240813,2.8279999914169314,2.8369999914169313,2.8119999914169314,2.835999991416931,147306,47727920.0
20240814,2.838999991416931,2.839999991416931,2.8159999914169314,2.817999991416931,116369,37672680.0
20240815,2.8169999914169312,2.8649999914169313,2.8089999914169312,2.8569999914169313,142936,46559396.0
20240816,2.8569999914169313,2.8689999914169313,2.8489999914169313,2.862999991416931,174525,57200184.0
20240819,2.851999991416931,2.8929999914169313,2.851999991416931,2.8769999914169313,136532,45019568.0
20240820,2.879999991416931,2.883999991416931,2.843999991416931,2.854999991416931,165444,54144180.0
20240821,2.853999991416931,2.855999991416931,2.8319999914169314,2.8449999914169313,157921,51543456.0
20240822,2.833999991416931,2.8569999914169313,2.833999991416931,2.841999991416931,180850,58921472.0
20240823,2.8409999914169313,2.866999991416931,2.8249999914169313,2.858999991416931,145645,47542456.0
20240826,2.8569999914169313,2.871999991416931,2.838999991416931,2.854999991416931,103136,33668564.0
20240827,2.851999991416931,2.854999991416931,2.8369999914169313,2.846999991416931,112885,36781100.0
20240828,2.842999991416931,2.847999991416931,2.813999991416931,2.825999991416931,171378,55525192.0
20240829,2.814999991416931,2.821999991416931,2.8039999914169313,2.810999991416931,181972,58730040.0
20240830,2.810999991416931,2.862999991416931,2.7959999914169313,2.842999991416931,263464,85590504.0
20240902,2.8369999914169313,2.8369999914169313,2.772999991416931,2.7759999914169313,209131,67180296.0
20240903,2.773999991416931,2.7839999914169313,2.766999991416931,2.773999991416931,153414,48950676.0
20240904,2.773999991416931,2.773999991416931,2.745999991416931,2.746999991416931,107849,34200032.0
20240905,2.748999991416931,2.766999991416931,2.740999991416931,2.752999991416931,157298,49783776.0
20240906,2.749999991416931,2.7759999914169313,2.733999991416931,2.7359999914169313,269436,85274672.0
20240909,2.720999991416931,2.7319999914169313,2.6839999914169312,2.6989999914169314,191679,59838960.0
20240910,2.6989999914169314,2.7039999914169313,2.677999991416931,2.697999991416931,149090,46289080.0
20240911,2.6959999914169313,2.6959999914169313,2.6709999914169313,2.6829999914169314,135088,41844424.0
20240912,2.6749999914169313,2.696999991416931,2.6719999914169312,2.6749999914169313,137890,42732844.0
20240913,2.677999991416931,2.6919999914169312,2.664999991416931,2.6679999914169312,183505,56760608.0
20240918,2.6709999914169313,2.6869999914169314,2.6549999914169313,2.6789999914169313,178301,55046776.0
20240919,2.6799999914169312,2.716999991416931,2.656999991416931,2.700999991416931,203286,63286656.0
20240920,2.6989999914169314,2.710999991416931,2.676999991416931,2.709999991416931,205079,63718004.0
20240923,2.700999991416931,2.733999991416931,2.700999991416931,2.7159999914169313,147086,46156432.0
20240924,2.728999991416931,2.855999991416931,2.728999991416931,2.853999991416931,360950,115477272.0
20240925,2.909999991416931,2.9619999914169313,2.8889999914169313,2.898999991416931,405136,135626368.0
20240926,2.901999991416931,3.0549999914169312,2.895999991416931,3.0509999914169312,265183,89429728.0
20240927,3.093999991416931,3.1839999914169312,3.083999991416931,3.1829999914169314,185407,65301328.0
20240930,3.2639999914169313,3.474999991416931,3.2359999914169313,3.4339999914169312,638692,240811424.0
20241008,3.8189999914169315,3.8189999914169315,3.528999991416931,3.623999991416931,342664,140124304.0
20241009,3.5059999914169313,3.5829999914169313,3.3169999914169312,3.3199999914169314,440062,168582448.0
20241010,3.3249999914169313,3.500999991416931,3.3199999914169314,3.411999991416931,855256,328747200.0
20241011,3.4089999914169313,3.4089999914169313,3.284999991416931,3.326999991416931,251314,94830432.0
20241014,3.3239999914169314,3.405999991416931,3.3089999914169312,3.390999991416931,309593,117017720.0
20241015,3.358999991416931,3.3929999914169313,3.289999991416931,3.2919999914169313,249990,94276720.0
20241016,3.2599999914169313,3.3289999914169313,3.253999991416931,3.282999991416931,250036,92651088.0
20241017,3.294999991416931,3.3329999914169313,3.238999991416931,3.242999991416931,238949,88499384.0
20241018,3.241999991416931,3.431999991416931,3.218999991416931,3.362999991416931,328497,122904472.0
20241021,3.365999991416931,3.397999991416931,3.3329999914169313,3.363999991416931,224921,85106848.0
20241022,3.343999991416931,3.393999991416931,3.343999991416931,3.3809999914169313,97298,36880104.0
20241023,3.381999991416931,3.430999991416931,3.370999991416931,3.398999991416931,494659,189005968.0
20241024,3.393999991416931,3.393999991416931,3.343999991416931,3.362999991416931,182781,69070640.0
20241025,3.3569999914169313,3.403999991416931,3.350999991416931,3.3729999914169313,177664,67392968.0
20241028,3.369999991416931,3.383999991416931,3.335999991416931,3.381999991416931,188024,71105304.0
20241029,3.381999991416931,3.415999991416931,3.3529999914169313,3.3609999914169313,260408,98848600.0
20241030,3.357999991416931,3.362999991416931,3.3039999914169313,3.322999991416931,123642,46395672.0
20241031,3.334999991416931,3.353999991416931,3.297999991416931,3.3239999914169314,219571,82164512.0
20241101,3.3089999914169312,3.377999991416931,3.3089999914169312,3.339999991416931,251807,94846528.0
20241104,3.3489999914169313,3.382999991416931,3.322999991416931,3.381999991416931,179873,67784040.0
20241105,3.369999991416931,3.466999991416931,3.363999991416931,3.466999991416931,251570,96784232.0
20241106,3.468999991416931,3.507999991416931,3.4329999914169314,3.460999991416931,238267,92485600.0
20241107,3.4259999914169312,3.5779999914169314,3.414999991416931,3.576999991416931,356703,139857280.0
20241108,3.601999991416931,3.6219999914169314,3.518999991416931,3.536999991416931,368679,146848320.0
20241111,3.5179999914169313,3.535999991416931,3.4659999914169313,3.5339999914169313,267288,104712120.0
20241112,3.531999991416931,3.568999991416931,3.4539999914169313,3.470999991416931,246656,96935560.0
20241113,3.482999991416931,3.502999991416931,3.4539999914169313,3.494999991416931,297754,116133272.0
20241114,3.494999991416931,3.506999991416931,3.4369999914169314,3.4409999914169314,225059,87633008.0
20241115,3.453999997377396,3.4909999973773957,3.3889999973773954,3.3919999973773955,196457,72744256.0
20241118,3.4109999973773957,3.461999997377396,3.3759999973773955,3.3979999973773958,274417,101113856.0
20241119,3.4029999973773957,3.4089999973773955,3.340999997377396,3.4009999973773954,190012,69252560.0
20241120,3.3959999973773956,3.421999997377396,3.3799999973773955,3.4089999973773955,174178,63852068.0
20241121,3.4169999973773955,3.421999997377396,3.3969999973773954,3.413999997377396,227399,83503424.0
20241122,3.421999997377396,3.4229999973773957,3.304999997377396,3.3109999973773956,250569,91357872.0
20241125,3.3079999973773955,3.3229999973773956,3.2529999973773958,3.284999997377396,237671,84657056.0
20241126,3.2739999973773957,3.3119999973773955,3.2669999973773955,3.2839999973773955,151572,53881408.0
20241127,3.2859999973773957,3.3359999973773955,3.2659999973773957,3.3319999973773955,219792,78376808.0
20241128,3.3299999973773957,3.3389999973773956,3.3039999973773955,3.316999997377396,218939,78572208.0
20241129,3.3179999973773957,3.3929999973773954,3.3179999973773957,3.3499999973773957,207692,75200360.0
20241202,3.3509999973773956,3.3819999973773958,3.3379999973773957,3.3729999973773954,185815,67455048.0
20241203,3.3789999973773956,3.3969999973773954,3.356999997377396,3.3849999973773954,123828,45088088.0
20241204,3.3859999973773958,3.3949999973773957,3.3639999973773955,3.3709999973773956,126307,46040624.0
20241205,3.3639999973773955,3.3769999973773954,3.3539999973773957,3.3629999973773956,177829,64618884.0
20241206,3.352999997377396,3.4239999973773956,3.352999997377396,3.4039999973773956,358868,131562472.0
20241209,3.3999999973773956,3.429999997377396,3.3829999973773957,3.3999999973773956,177635,65169196.0
20241210,3.5649999973773956,3.5739999973773955,3.4239999973773956,3.4309999973773957,246712,91962480.0
20241211,3.417999997377396,3.4359999973773956,3.4079999973773956,3.417999997377396,169946,62673480.0
20241212,3.413999997377396,3.4549999973773957,3.409999997377396,3.4519999973773956,120124,44429404.0
20241213,3.433999997377396,3.433999997377396,3.3649999973773954,3.3659999973773957,1102895,403414592.0
20241216,3.3709999973773956,3.3709999973773956,3.344999997377396,3.3549999973773956,163094,59100124.0
20241217,3.352999997377396,3.3959999973773956,3.352999997377396,3.3649999973773954,263821,96084000.0
20241218,3.3679999973773955,3.3989999973773957,3.3679999973773955,3.3909999973773957,198023,72351320.0
20241219,3.3739999973773958,3.3969999973773954,3.3499999973773957,3.3889999973773954,141142,51451824.0
20241220,3.3889999973773954,3.4029999973773957,3.3659999973773957,3.3749999973773956,1102248,402606944.0
20241223,3.3749999973773956,3.4129999973773955,3.3639999973773955,3.3819999973773958,386230,141647984.0
20241224,3.3819999973773958,3.4289999973773955,3.3819999973773958,3.4269999973773957,266329,97960232.0
20241225,3.4239999973773956,3.449999997377396,3.417999997377396,3.4349999973773957,146583,54203024.0
20241226,3.4349999973773957,3.4359999973773956,3.4159999973773956,3.4309999973773957,104397,38574000.0
20241227,3.4239999973773956,3.4489999973773955,3.4169999973773955,3.4289999973773955,163943,60596616.0
20241230,3.4289999973773955,3.4509999973773957,3.4289999973773955,3.445999997377396,209724,77747176.0
20241231,3.4469999973773957,3.449999997377396,3.3869999973773957,3.3889999973773954,181695,67207184.0
20250102,3.3949999973773957,3.401999997377396,3.2579999973773957,3.2839999973773955,273526,98093912.0
20250103,3.2779999973773957,3.2939999973773957,3.2339999973773956,3.2479999973773954,181570,64293928.0
20250106,3.2479999973773954,3.2509999973773955,3.207999997377396,3.2359999973773954,162676,56838448.0
20250107,3.2359999973773954,3.2629999973773955,3.2209999973773957,3.2619999973773957,142856,50068744.0
20250108,3.2629999973773955,3.2829999973773956,3.2099999973773956,3.2599999973773954,146710,51432932.0
20250109,3.2589999973773955,3.2589999973773955,3.2379999973773956,3.2489999973773958,95060,33422454.0
20250110,3.2479999973773954,3.2599999973773954,3.2149999973773955,3.2149999973773955,143460,50316668.0
20250113,3.1979999973773956,3.215999997377396,3.1869999973773955,3.203999997377396,138007,47842252.0
20250114,3.2129999973773957,3.2909999973773956,3.203999997377396,3.280999997377396,180253,63400356.0
20250115,3.280999997377396,3.2839999973773955,3.2579999973773957,3.2669999973773955,131197,46360736.0
20250116,3.2719999973773954,3.304999997377396,3.2429999973773955,3.2639999973773954,136123,48190720.0
20250117,3.2749999970793726,3.2839999970793725,3.2389999970793726,3.2689999970793724,132076,45933208.0
20250120,3.2769999970793724,3.3059999970793723,3.2689999970793724,3.2769999970793724,109456,38327368.0
20250121,3.2869999970793726,3.2899999970793723,3.2609999970793724,3.2729999970793724,140743,49021708.0
20250122,3.2939999970793723,3.2939999970793723,3.2279999970793725,3.2409999970793724,230627,79643952.0
20250123,3.2719999970793725,3.3089999970793724,3.2499999970793723,3.2549999970793726,144683,50480720.0
20250124,3.2549999970793726,3.2919999970793725,3.2469999970793726,3.2829999970793726,222049,77321496.0
20250127,3.2849999970793724,3.2969999970793724,3.2729999970793724,3.2739999970793723,154089,53862004.0
20250205,3.2869999970793726,3.2979999970793723,3.2509999970793726,3.2629999970793726,209165,72718472.0
20250206,3.2619999970793723,3.306999997079372,3.2569999970793724,3.298999997079372,160555,56093636.0
20250207,3.298999997079372,3.3659999970793724,3.2889999970793724,3.3439999970793726,160133,56743456.0
20250210,3.3489999970793725,3.3649999970793725,3.3389999970793722,3.3579999970793724,185216,65994752.0
20250211,3.3559999970793726,3.3599999970793726,3.3329999970793724,3.3469999970793722,108281,38535424.0
20250212,3.3519999970793726,3.3729999970793725,3.3349999970793722,3.3679999970793726,102434,36483436.0
20250213,3.3679999970793726,3.3879999970793726,3.3579999970793724,3.3599999970793726,153827,55161264.0
20250214,3.3749999970793723,3.3869999970793723,3.3529999970793725,3.3849999970793725,135211,48455364.0
20250217,3.3919999970793726,3.4009999970793725,3.3639999970793726,3.3879999970793726,114075,40970952.0
20250218,3.3869999970793723,3.3989999970793723,3.3469999970793722,3.3579999970793724,140471,50482448.0
20250219,3.3679999970793726,3.3869999970793723,3.3499999970793723,3.3759999970793726,92595,33171920.0
20250220,3.3729999970793725,3.3729999970793725,3.3499999970793723,3.3589999970793722,108870,38866616.0
20250221,3.3609999970793725,3.4109999970793723,3.3579999970793724,3.4079999970793726,143998,51940600.0
20250224,3.4069999970793723,3.4219999970793724,3.3809999970793725,3.4009999970793725,195210,70509488.0
20250225,3.3819999970793724,3.3899999970793724,3.3549999970793722,3.3649999970793725,178664,64079588.0
20250226,3.3649999970793725,3.3989999970793723,3.3649999970793725,3.3979999970793724,147990,53206036.0
20250227,3.3989999970793723,3.4059999970793724,3.3719999970793726,3.4029999970793723,113182,40708376.0
20250228,3.3889999970793725,3.4049999970793725,3.3349999970793722,3.3429999970793722,168418,60300336.0
20250303,3.3389999970793722,3.3679999970793726,3.3199999970793725,3.3339999970793723,212012,75378400.0
20250304,3.3299999970793723,3.3399999970793726,3.3079999970793725,3.3339999970793723,182313,64471364.0
20250305,3.3339999970793723,3.3549999970793722,3.3249999970793724,3.3489999970793725,216049,76735856.0
20250306,3.3539999970793724,3.4109999970793723,3.3539999970793724,3.4049999970793725,248911,89611336.0
20250307,3.3989999970793723,3.4189999970793723,3.3909999970793723,3.3989999970793723,169754,61371360.0
20250310,3.4009999970793725,3.4019999970793724,3.3669999970793723,3.3899999970793724,164391,59049084.0
20250311,3.3789999970793723,3.3989999970793723,3.3519999970793726,3.3959999970793726,532656,190774128.0
20250312,3.3939999970793724,3.4069999970793723,3.3779999970793724,3.3829999970793723,158496,57067256.0
20250313,3.3989999970793723,3.3989999970793723,3.3519999970793726,3.3669999970793723,165631,59402296.0
20250314,3.3719999970793726,3.4569999970793726,3.3719999970793726,3.4449999970793725,533533,194475200.0
20250317,3.4629999970793723,3.4629999970793723,3.435999997079372,3.4389999970793723,112303,41093396.0
20250318,3.4709999970793723,3.4709999970793723,3.4389999970793723,3.447999997079372,116200,42517432.0
20250319,3.4469999970793723,3.4569999970793726,3.4289999970793725,3.4409999970793725,97328,35548560.0
20250320,3.4429999970793723,3.443999997079372,3.4109999970793723,3.4129999970793725,115100,41808296.0
20250321,3.4089999970793725,3.4179999970793724,3.3509999970793722,3.3589999970793722,188465,67917672.0
20250324,3.3629999970793722,3.3809999970793725,3.3569999970793725,3.3809999970793725,115937,41539308.0
20250325,3.3789999970793723,3.3859999970793724,3.3699999970793724,3.3809999970793725,85203,30575208.0
20250326,3.3809999970793725,3.3889999970793725,3.3659999970793724,3.3699999970793724,79215,28419840.0
20250327,3.3699999970793724,3.3979999970793724,3.3529999970793725,3.3809999970793725,167643,60176256.0
20250328,3.3809999970793725,3.3809999970793725,3.3539999970793724,3.3649999970793725,149370,53428432.0
20250331,3.3619999970793724,3.3749999970793723,3.3209999970793724,3.3359999970793726,161305,57291336.0
20250401,3.3409999970793725,3.3589999970793722,3.3379999970793723,3.3449999970793725,166184,59137004.0
20250402,3.3399999970793726,3.3539999970793724,3.3329999970793724,3.3409999970793725,132428,47096892.0
20250403,3.3349999970793722,3.3459999970793723,3.314999997079372,3.3259999970793723,146697,51954480.0
20250407,3.2829999970793726,3.2829999970793726,2.9969999970793726,3.0999999970793723,315883,105312152.0
20250408,3.0999999970793723,3.1649999970793723,3.0709999970793724,3.1569999970793723,169528,56443236.0
20250409,3.1389999970793725,3.2139999970793722,3.1089999970793722,3.2099999970793722,166419,56279696.0
20250410,3.2269999970793726,3.2669999970793726,3.2269999970793726,3.2519999970793725,143859,49786304.0
20250411,3.2439999970793725,3.2729999970793724,3.2319999970793725,3.2609999970793724,95915,33204670.0
20250414,3.2659999970793723,3.2879999970793725,3.2559999970793725,3.2769999970793724,202424,70625296.0
20250415,3.2759999970793725,3.2759999970793725,3.2519999970793725,3.2679999970793725,113567,39405400.0
20250416,3.2699999970793723,3.3019999970793723,3.2449999970793724,3.2919999970793725,231048,80413904.0
20250417,3.299999996453524,3.299999996453524,3.2779999964535236,3.291999996453524,209690,72301784.0
20250418,3.279999996453524,3.3059999964535236,3.275999996453524,3.3029999964535235,239166,82457768.0
20250421,3.3029999964535235,3.3109999964535235,3.2749999964535235,3.303999996453524,150805,52116076.0
20250422,3.2929999964535237,3.3189999964535235,3.2929999964535237,3.3069999964535235,169710,58830252.0
20250423,3.315999996453524,3.3219999964535236,3.2929999964535237,3.299999996453524,100148,34669596.0
20250424,3.299999996453524,3.3139999964535236,3.2849999964535237,3.2979999964535236,56256,19449054.0
20250425,3.295999996453524,3.307999996453524,3.2859999964535236,3.2929999964535237,65628,22683896.0
20250428,3.2969999964535237,3.299999996453524,3.279999996453524,3.2939999964535236,141226,48761824.0
20250429,3.2949999964535235,3.2989999964535235,3.2849999964535237,3.2889999964535237,81255,28024980.0
20250430,3.2829999964535235,3.3049999964535237,3.2829999964535235,3.2869999964535235,56984,19650872.0
20250506,3.2989999964535235,3.3229999964535235,3.2969999964535237,3.3219999964535236,143110,49676168.0
20250507,3.3579999964535237,3.3749999964535236,3.3269999964535235,3.3439999964535234,88143,30820408.0
20250508,3.3379999964535236,3.3629999964535235,3.3299999964535236,3.3519999964535234,91780,32215568.0
20250509,3.3519999964535234,3.3519999964535234,3.3389999964535235,3.3489999964535238,36757,12881361.0
20250512,3.3519999964535234,3.380999996453524,3.3489999964535238,3.3749999964535236,90761,31947592.0
20250513,3.380999996453524,3.3909999964535236,3.3709999964535236,3.380999996453524,84267,29794696.0
20250514,3.3699999964535237,3.4339999964535237,3.3699999964535237,3.4189999964535236,158902,56533308.0
20250515,3.4189999964535236,3.4199999964535235,3.388999996453524,3.3949999964535236,90076,32033096.0
20250516,3.3839999964535235,3.4059999964535237,3.3609999964535238,3.3759999964535234,61005,21534572.0
20250519,3.376999996453524,3.376999996453524,3.3579999964535237,3.3699999964535237,63884,22518156.0
20250520,3.3679999964535234,3.3949999964535236,3.3679999964535234,3.3839999964535235,43908,15542082.0
20250521,3.3839999964535235,3.4059999964535237,3.3839999964535235,3.3979999964535237,95968,34134816.0
20250522,3.384999996453524,3.4059999964535237,3.384999996453524,3.3939999964535237,94414,33550084.0
20250523,3.3959999964535235,3.412999996453524,3.3729999964535238,3.3749999964535236,143568,51001312.0
20250526,3.3709999964535236,3.380999996453524,3.3479999964535234,3.3569999964535238,81498,28680112.0
20250527,3.3519999964535234,3.3649999964535238,3.335999996453524,3.3479999964535234,76674,26871994.0
20250528,3.3479999964535234,3.3479999964535234,3.3349999964535235,3.335999996453524,102870,35980292.0
20250529,3.3429999964535235,3.3639999964535234,3.331999996453524,3.3559999964535234,64130,22506836.0
20250530,3.3489999964535238,3.3589999964535235,3.3299999964535236,3.3479999964535234,135515,47432888.0
20250603,3.3419999964535236,3.3619999964535237,3.3339999964535236,3.3519999964535234,75117,26352192.0
20250604,3.3559999964535234,3.3689999964535238,3.3509999964535235,3.3609999964535238,81702,28756048.0
20250605,3.3599999964535234,3.3729999964535238,3.3549999964535235,3.3689999964535238,105560,37176872.0
20250606,3.3719999964535234,3.3819999964535237,3.3659999964535237,3.3739999964535237,100140,35333468.0
20250609,3.3759999964535234,3.3879999964535235,3.3689999964535238,3.3799999964535234,90671,32071876.0
20250610,3.3749999964535236,3.3949999964535236,3.3549999964535235,3.3619999964535237,115779,40930460.0
20250611,3.3629999964535235,3.4019999964535237,3.3629999964535235,3.388999996453524,91512,32467038.0
20250612,3.380999996453524,3.3949999964535236,3.3659999964535237,3.3919999964535235,94553,33497208.0
20250613,3.404999996453524,3.404999996453524,3.3669999964535235,3.3729999964535238,125129,44260520.0
20250616,3.3729999964535238,3.3859999964535237,3.3679999964535234,3.3839999964535235,71394,25236012.0
20250617,3.3859999964535237,3.3859999964535237,3.3679999964535234,3.3759999964535234,156106,55197216.0
20250618,3.3709999964535236,3.3839999964535235,3.3579999964535237,3.376999996453524,113023,39916464.0
20250619,3.3699999964535237,3.3729999964535238,3.3419999964535236,3.3499999964535236,78145,27481648.0
20250620,3.3489999964535238,3.3659999964535237,3.3489999964535238,3.3579999964535237,95824,33704612.0
20250623,3.3519999964535234,3.3759999964535234,3.3409999964535237,3.3689999964535238,86591,30469968.0
20250624,3.376999996453524,3.412999996453524,3.3649999964535238,3.4029999964535236,429492,152740176.0
20250625,3.4029999964535236,3.4499999964535237,3.3869999964535236,3.4479999964535235,156407,56059868.0
20250626,3.436999996453524,3.456999996453524,3.436999996453524,3.444999996453524,416814,150303504.0
20250627,3.4469999964535236,3.460999996453524,3.4139999964535237,3.416999996453524,129708,46597812.0
20250630,3.416999996453524,3.4459999964535237,3.4149999964535236,3.4459999964535237,183042,65787508.0
20250701,3.444999996453524,3.4479999964535235,3.4319999964535235,3.4459999964535237,86191,31039644.0
20250702,3.4359999964535235,3.4589999964535236,3.4359999964535235,3.4479999964535235,81547,29422138.0
20250703,3.4459999964535237,3.460999996453524,3.4429999964535236,3.4599999964535235,97094,35079680.0
20250704,3.4629999964535236,3.4999999964535236,3.4499999964535237,3.4699999964535237,131745,47898696.0
20250707,3.4719999964535235,3.4749999964535236,3.460999996453524,3.4679999964535235,100327,36384580.0
20250708,3.464999996453524,3.501999996453524,3.464999996453524,3.4949999964535237,118391,43172620.0
20250709,3.4949999964535237,3.5089999964535235,3.4869999964535237,3.4869999964535237,261152,95520176.0
20250710,3.4869999964535237,3.5249999964535235,3.4869999964535237,3.5029999964535237,119900,43951252.0
20250711,3.5029999964535237,3.5609999964535235,3.5029999964535237,3.513999996453524,187826,69234544.0
20250714,3.5239999964535236,3.5319999964535236,3.5159999964535236,3.5189999964535237,463199,170509552.0
20250715,3.518999997854233,3.531999997854233,3.487999997854233,3.506999997854233,117634,42492072.0
20250716,3.523999997854233,3.523999997854233,3.491999997854233,3.5049999978542328,98003,35358960.0
20250717,3.503999997854233,3.5259999978542327,3.502999997854233,3.524999997854233,98383,35597880.0
20250718,3.5269999978542326,3.5579999978542327,3.5269999978542326,3.555999997854233,115466,42169208.0
20250721,3.5669999978542326,3.587999997854233,3.5669999978542326,3.587999997854233,136631,50292900.0
20250722,3.579999997854233,3.6269999978542327,3.576999997854233,3.620999997854233,152482,56544024.0
20250723,3.627999997854233,3.6559999978542326,3.6139999978542328,3.616999997854233,153864,57566216.0
20250724,3.615999997854233,3.6549999978542327,3.6109999978542326,3.6509999978542327,102238,38226472.0
20250725,3.652999997854233,3.6549999978542327,3.623999997854233,3.6349999978542327,142378,53263140.0
20250728,3.635999997854233,3.6509999978542327,3.624999997854233,3.645999997854233,168638,63163768.0
20250729,3.6479999978542326,3.664999997854233,3.631999997854233,3.6639999978542326,1513931,568924864.0
20250730,3.6629999978542327,3.7029999978542327,3.6509999978542327,3.6749999978542327,143711,54379376.0
20250731,3.665999997854233,3.665999997854233,3.599999997854233,3.6139999978542328,230596,85958664.0
20250801,3.607999997854233,3.6149999978542326,3.572999997854233,3.5829999978542326,130406,48220076.0
20250804,3.5819999978542327,3.5989999978542326,3.5709999978542326,3.596999997854233,148500,54783320.0
20250805,3.600999997854233,3.6299999978542328,3.5979999978542327,3.6259999978542328,115921,43101208.0
20250806,3.6269999978542327,3.637999997854233,3.6189999978542327,3.631999997854233,72799,27184824.0
20250807,3.6349999978542327,3.6479999978542326,3.6179999978542328,3.639999997854233,121659,45442136.0
20250808,3.628999997854233,3.648999997854233,3.6259999978542328,3.635999997854233,116190,43498688.0
20250811,3.6389999978542327,3.6479999978542326,3.624999997854233,3.639999997854233,121187,45365428.0
20250812,3.636999997854233,3.661999997854233,3.6349999978542327,3.6519999978542326,204880,76954288.0
20250813,3.6519999978542326,3.680999997854233,3.6519999978542326,3.6789999978542327,278111,104985424.0
20250814,3.6789999978542327,3.716999997854233,3.672999997854233,3.676999997854233,224850,85437704.0
20250815,3.6749999978542327,3.708999997854233,3.6639999978542326,3.704999997854233,122824,46582508.0
20250818,3.7119999978542326,3.7439999978542327,3.6959999978542326,3.7199999978542326,201324,76989168.0
20250819,3.721999997854233,3.7399999978542326,3.684999997854233,3.689999997854233,195627,74622424.0
20250820,3.6879999978542326,3.7429999978542328,3.668999997854233,3.741999997854233,203913,77574144.0
20250821,3.7439999978542327,3.778999997854233,3.7439999978542327,3.7639999978542327,180140,69731896.0
20250822,3.764999997854233,3.853999997854233,3.764999997854233,3.850999997854233,247391,96797160.0
20250825,3.857999997854233,3.9589999978542325,3.857999997854233,3.957999997854233,194743,78265488.0
20250826,3.9509999978542325,3.9509999978542325,3.9109999978542325,3.9299999978542326,261831,105484944.0
20250827,3.9299999978542326,3.9489999978542327,3.8449999978542326,3.850999997854233,635352,254410016.0
20250828,3.8639999978542328,3.930999997854233,3.8329999978542326,3.9299999978542326,387150,154139536.0
20250829,3.9079999978542324,3.967999997854233,3.906999997854233,3.965999997854233,297540,120677192.0
20250901,3.992999997854233,3.999999997854233,3.954999997854233,3.989999997854233,403942,164930768.0
20250902,3.9779999978542326,4.015999997854233,3.9409999978542327,3.9799999978542324,125764,51379396.0
20250903,3.976999997854233,3.991999997854233,3.904999997854233,3.933999997854233,131296,53070864.0
20250904,3.909999997854233,3.9379999978542326,3.818999997854233,3.845999997854233,512059,202786208.0
20250905,3.845999997854233,3.9219999978542326,3.829999997854233,3.917999997854233,272283,108427264.0
20250908,3.9159999978542324,3.936999997854233,3.894999997854233,3.9219999978542326,235985,94841832.0
20250909,3.896999997854233,3.9319999978542324,3.862999997854233,3.903999997854233,215625,86518344.0
20250910,3.903999997854233,3.928999997854233,3.8569999978542326,3.911999997854233,231549,92909760.0
20250911,3.9109999978542325,3.986999997854233,3.8769999978542327,3.986999997854233,279447,112936552.0
20250912,3.9859999978542326,4.004999997854233,3.968999997854233,3.975999997854233,264222,108241424.0
20250915,3.9809999978542328,3.999999997854233,3.9699999978542326,3.975999997854233,310384,126845440.0
20250916,3.9779999978542326,3.9959999978542324,3.9489999978542327,3.9669999978542325,330180,134491616.0
20250917,3.9649999978542327,3.994999997854233,3.949999997854233,3.986999997854233,196539,80266224.0
20250918,3.986999997854233,4.018999997854233,3.906999997854233,3.954999997854233,413702,168546288.0
20250919,3.946999997854233,3.9699999978542326,3.935999997854233,3.946999997854233,273864,111183584.0
20250922,3.9429999978542325,3.9719999978542324,3.9319999978542324,3.970999997854233,192551,78165712.0
20250923,3.967999997854233,3.989999997854233,3.903999997854233,3.9559999978542324,442587,178678784.0
20250924,3.9509999978542325,3.9879999978542324,3.930999997854233,3.981999997854233,278153,113354632.0
20250925,3.9779999978542326,4.025999997854233,3.9779999978542326,4.005999997854233,303362,124824704.0
20250926,4.005999997854233,4.014999997854233,3.981999997854233,3.9829999978542325,164356,67461104.0
20250929,3.9729999978542327,4.052999997854233,3.9559999978542324,4.031999997854233,182345,74851304.0
20250930,4.0279999978542325,4.078999997854233,4.0279999978542325,4.077999997854233,94381,39309288.0
20251009,4.077999997854233,4.161999997854233,4.077999997854233,4.158999997854233,246451,104334040.0
20251010,4.155999997854233,4.155999997854233,4.060999997854233,4.076999997854233,315757,132845368.0
20251013,3.991999997854233,4.084999997854233,3.9749999978542325,4.070999997854233,422143,174859712.0
20251014,4.085999997854233,4.113999997854233,4.002999997854233,4.029999997854233,433500,180296976.0
20251015,4.018999997854233,4.080999997854232,4.008999997854233,4.070999997854233,313485,129987768.0
20251016,4.072999997854232,4.104999997854232,4.057999997854233,4.087999997854233,356154,149179360.0
20251017,4.086999997854233,4.090999997854233,3.992999997854233,3.999999997854233,527691,218086624.0
20251020,4.003999997854232,4.032999997854232,3.986999997854233,4.004999997854233,396092,162882240.0
20251021,4.0069999978542326,4.062999997854233,4.004999997854233,4.057999997854233,319474,132699752.0
20251022,4.0359999978542325,4.055999997854233,4.015999997854233,4.041999997854233,266094,110213584.0
20251023,4.057999998867512,4.059999998867512,3.9929999988675116,4.054999998867512,202753,82517920.0
20251024,4.052999998867512,4.095999998867511,4.064999998867512,4.095999998867511,427155,176241776.0
20251027,4.104999998867512,4.156999998867512,4.104999998867512,4.152999998867512,424271,177609232.0
20251028,4.149999998867512,4.160999998867512,4.112999998867512,4.124999998867512,288816,120713480.0
20251029,4.119999998867511,4.176999998867512,4.116999998867512,4.173999998867512,137773,57673380.0
20251030,4.164999998867512,4.181999998867512,4.135999998867511,4.139999998867512,215012,90320080.0
20251031,4.134999998867512,4.134999998867512,4.080999998867512,4.0859999988675115,372167,154317584.0
20251103,4.088999998867512,4.089999998867512,4.042999998867511,4.086999998867512,166732,68435376.0
20251104,4.0859999988675115,4.0939999988675115,4.038999998867512,4.066999998867511,348469,143119216.0
20251105,4.044999998867512,4.072999998867512,4.004999998867512,4.059999998867512,216007,88373760.0
20251106,4.059999998867512,4.123999998867512,4.059999998867512,4.1229999988675115,247505,102748768.0
20251107,4.112999998867512,4.132999998867512,4.100999998867512,4.114999998867511,163975,68204616.0
20251110,4.114999998867511,4.128999998867512,4.095999998867511,4.126999998867512,165461,68689152.0
20251111,4.1309999988675115,4.1389999988675115,4.083999998867512,4.092999998867512,184276,76291256.0
20251112,4.076999998867512,4.108999998867512,4.0619999988675115,4.0859999988675115,113350,46772048.0
20251113,4.078999998867512,4.1309999988675115,4.078999998867512,4.1309999988675115,99229,41231984.0
20251114,4.123999998867512,4.123999998867512,4.059999998867512,4.063999998867512,177601,73519408.0
20251117,4.0699999988675115,4.072999998867512,4.0219999988675115,4.034999998867511,147092,59991820.0
20251118,4.026999998867511,4.041999998867512,3.999999998867512,4.017999998867512,297554,120877104.0
20251119,4.015999998867512,4.044999998867512,4.008999998867512,4.028999998867512,131863,53584912.0
20251120,4.0459999988675115,4.048999998867512,4.003999998867512,4.008999998867512,117646,47956280.0
20251121,3.9659999988675114,3.9829999988675118,3.9149999988675117,3.9159999988675116,295067,117715392.0
20251124,3.917999998867512,3.933999998867512,3.8909999988675117,3.908999998867512,234297,92443080.0
20251125,3.921999998867512,3.9549999988675117,3.921999998867512,3.9359999988675116,283488,112825616.0
20251126,3.9389999988675117,3.9609999988675115,3.929999998867512,3.948999998867512,219080,87400648.0
20251127,3.948999998867512,3.980999998867512,3.9389999988675117,3.9429999988675117,112930,45174996.0
20251128,3.9439999988675116,3.957999998867512,3.9269999988675117,3.9549999988675117,77602,30951290.0
20251201,3.9629999988675113,3.9979999988675115,3.9629999988675113,3.9959999988675117,172017,69121368.0
20251202,3.9629999988675113,4.000999998867512,3.9629999988675113,3.972999998867512,105067,42193048.0
20251203,3.9789999988675113,3.985999998867512,3.9549999988675117,3.961999998867512,134843,54101236.0
20251204,3.9769999988675115,3.983999998867512,3.9509999988675117,3.9709999988675113,112622,45132944.0
20251205,3.9689999988675115,4.012999998867512,3.9639999988675116,4.001999998867512,188983,76012640.0
20251208,4.001999998867512,4.036999998867512,4.001999998867512,4.018999998867511,505440,205392512.0
20251209,4.020999998867512,4.020999998867512,3.9879999988675117,3.998999998867512,289275,117033048.0
20251210,3.993999998867512,3.9959999988675117,3.959999998867512,3.9899999988675114,222721,89350320.0
20251211,3.985999998867512,4.004999998867512,3.961999998867512,3.964999998867512,156871,63081264.0
20251212,3.967999998867512,3.993999998867512,3.9519999988675116,3.993999998867512,279960,112290312.0
20251215,3.977999998867512,4.007999998867512,3.967999998867512,3.9739999988675114,181493,73081104.0
20251216,3.964999998867512,3.972999998867512,3.908999998867512,3.925999998867512,325493,129352008.0
20251217,3.9239999988675116,3.9929999988675116,3.9159999988675116,3.975999998867512,311346,124226680.0
20251218,3.964999998867512,3.9879999988675117,3.9589999988675117,3.969999998867512,251319,100867960.0
20251219,3.9819999988675114,4.007999998867512,3.972999998867512,3.9879999988675117,200078,80700576.0
20251222,3.9879999988675117,4.024999998867512,3.9879999988675117,4.0219999988675115,212373,86225120.0
20251223,4.022999998867512,4.044999998867512,4.015999998867512,4.0219999988675115,147878,60164060.0
20251224,4.0219999988675115,4.0459999988675115,4.008999998867512,4.035999998867512,147326,59931232.0
20251225,4.048999998867512,4.055999998867512,4.0299999988675115,4.046999998867512,145195,59305144.0
20251226,4.046999998867512,4.0779999988675115,4.041999998867512,4.064999998867512,135399,55559848.0
20251229,4.0619999988675115,4.0779999988675115,4.039999998867512,4.051999998867512,179563,73730288.0
20251230,4.048999998867512,4.067999998867512,4.026999998867511,4.051999998867512,108186,44261832.0
20251231,4.046999998867512,4.070999998867512,4.035999998867512,4.0459999988675115,231157,94605784.0
20260105,4.047999998867512,4.128999998867512,4.047999998867512,4.123999998867512,164169,68037024.0
20260106,4.139999998867512,4.203999998867512,4.124999998867512,4.201999998867512,500333,211459936.0
20260107,4.2029999988675115,4.221999998867512,4.180999998867512,4.203999998867512,370281,157307376.0
20260108,4.188999998867512,4.205999998867512,4.165999998867512,4.184999998867512,136500,57770348.0
20260109,4.184999998867512,4.224999998867512,4.177999998867512,4.206999998867512,177394,75250072.0
20260112,4.214999998867512,4.248999998867512,4.201999998867512,4.231999998867511,545557,232755008.0
20260113,4.240999998867512,4.356999998867511,4.203999998867512,4.221999998867512,290245,124629680.0
20260114,4.228999998867511,4.266999998867512,4.173999998867512,4.196999998867512,358408,153226288.0
20260115,4.193999998867512,4.212999998867511,4.167999998867511,4.180999998867512,254918,107820840.0
20260116,4.18,4.228,4.162,4.166,368258,154595280.0
20260119,4.16,4.205,4.15,4.185,246796,103148984.0
20260120,4.185,4.212,4.16,4.199,128173,53640440.0
20260121,4.18,4.226,4.18,4.199,158176,66589176.0
20260122,4.201,4.234,4.178,4.196,238802,100231608.0
20260123,4.2,4.208,4.164,4.176,191911,80361416.0
20260126,4.17,4.229,4.17,4.197,105213,44250248.0
20260127,4.196,4.215,4.167,4.199,63004,26409648.0
20260128,4.2,4.234,4.195,4.22,116979,49309704.0
20260129,4.225,4.266,4.189,4.264,123177,51941376.0
20260130,4.25,4.258,4.128,4.183,241616,101163984.0
20260202,4.171,4.171,4.05,4.065,309590,127336928.0
20260203,4.06,4.123,4.047,4.12,334722,136413424.0
20260204,4.103,4.165,4.103,4.164,135790,56187780.0
20260205,4.151,4.151,4.105,4.137,146860,60599236.0
20260206,4.123,4.145,4.08,4.123,142843,58860544.0
20260209,4.133,4.181,4.133,4.179,115036,47949032.0
20260210,4.181,4.194,4.175,4.193,89780,37587548.0
20260211,4.19,4.208,4.184,4.2,86690,36398912.0
20260212,4.193,4.213,4.193,4.208,83932,35297904.0
20260213,4.207,4.207,4.151,4.162,124889,52100888.0
20260224,4.17,4.205,4.17,4.189,89466,37507444.0
20260225,4.184,4.243,4.184,4.216,102050,43062376.0
20260226,4.22,4.22,4.181,4.199,134254,56355768.0
20260227,4.19,4.22,4.182,4.212,126851,53334288.0
20260302,4.2,4.234,4.176,4.229,97531,41018532.0
20260303,4.231,4.239,4.156,4.16,340988,142670960.0
20260304,4.149,4.149,4.091,4.112,152242,62699344.0
20260305,4.122,4.164,4.122,4.147,221557,91966528.0
20260306,4.14,4.163,4.119,4.152,125064,51840248.0
20260309,4.138,4.138,4.065,4.109,350226,143733808.0
20260310,4.12,4.149,4.12,4.146,199718,82679552.0
20260311,4.14,4.164,4.139,4.16,119953,49803232.0
20260312,4.156,4.16,4.117,4.146,125586,51985168.0
20260313,4.131,4.155,4.109,4.122,207529,85708880.0
20260316,4.12,4.12,4.061,4.103,165193,67434112.0
20260317,4.1,4.139,4.075,4.078,282244,115688744.0
20260318,4.075,4.104,4.04,4.082,294621,119647568.0
20260319,4.047,4.05,3.992,4.008,349329,140191520.0
20260320,4.006,4.02,3.954,3.96,294236,117330368.0
20260323,3.912,3.923,3.808,3.828,185509,71541448.0
20260324,3.848,3.892,3.825,3.887,145379,56035128.0
20260325,3.898,3.944,3.898,3.94,186249,73265544.0
20260326,3.924,3.944,3.878,3.889,121194,47419828.0
20260327,3.863,3.914,3.853,3.9050000000000002,137028,53230000.0
